0.00  0.00  1.11  -0.12  0.56  -0.25  0.00  0.12  0.56  0.25  0.00  0.08  1.86  -0.22  -0.22  0.22  0.22  -0.10  105.33  371.73  453.13  17.55  211.44  29.04  119.32  7.61  570.72  -98.40  0.00  0.00  -75.32  7.61  19.11  -36.65  371.73  453.13  0.00  0.00  0.09  0.02  0.00  0.20 
0.05  0.05  1.11  -0.01  0.58  -0.22  0.03  0.15  0.56  0.25  0.00  0.10  1.86  -0.10  -0.37  0.18  0.18  -0.07  104.36  464.21  717.53  7.37  251.52  88.73  78.63  41.93  569.23  -87.10  0.00  0.00  -143.70  41.93  123.28  -130.66  464.21  717.53  0.00  0.00  0.27  0.12  0.20  0.38 
0.10  0.09  1.11  0.19  0.59  -0.16  0.12  0.17  0.56  0.25  0.00  0.12  1.86  0.19  -0.64  0.14  0.14  -0.04  110.99  207.56  881.03  -9.59  243.09  106.85  -78.34  53.46  548.43  -59.11  0.00  0.00  -196.23  53.46  169.90  -160.31  207.56  881.03  0.00  0.00  0.44  0.27  0.93  0.52 
0.15  0.14  1.11  0.36  0.63  -0.07  0.23  0.24  0.59  0.25  0.00  0.16  1.86  0.43  -0.82  0.19  0.02  -0.02  127.29  -228.95  597.69  -23.03  101.97  -4.47  -107.92  -17.40  516.89  -28.31  0.00  0.00  -77.92  -17.40  1.16  21.88  -228.95  597.69  0.00  0.00  0.13  0.03  0.72  0.20 
0.20  0.18  1.11  0.52  0.70  0.06  0.33  0.28  0.59  0.25  0.00  0.20  1.86  0.68  -0.90  0.19  -0.05  -0.02  147.71  -437.93  415.30  -24.80  -18.70  -55.38  -102.27  -45.07  483.56  6.41  0.00  0.00  48.06  -45.07  -75.64  100.45  -437.93  415.30  0.00  0.00  0.05  0.01  0.42  0.13 
0.25  0.23  1.11  0.65  0.79  0.21  0.39  0.31  0.59  0.25  0.00  0.26  1.86  0.92  -0.83  0.16  -0.11  -0.04  169.13  -486.73  81.69  -14.33  -245.35  -22.65  -45.79  -28.07  457.33  41.20  0.00  0.00  146.32  -28.07  -36.39  50.72  -486.73  81.69  0.00  0.00  0.05  0.02  0.03  0.38 
0.30  0.27  1.11  0.74  0.86  0.39  0.39  0.34  0.58  0.25  0.00  0.32  1.86  1.08  -0.65  0.12  -0.15  -0.06  182.22  -392.77  -232.96  5.05  -405.21  -28.89  14.89  -30.28  447.81  70.38  0.00  0.00  239.32  -30.28  -64.22  59.17  -392.77  -232.96  0.00  0.00  0.12  0.09  0.12  0.63 
0.35  0.32  1.11  0.79  0.87  0.54  0.33  0.35  0.58  0.25  0.00  0.39  1.86  1.09  -0.43  0.06  -0.17  -0.09  177.49  -420.92  -225.34  27.20  -415.28  -69.03  -30.70  -49.13  461.02  90.52  0.00  0.00  328.66  -49.13  -145.36  118.17  -420.92  -225.34  0.00  0.00  0.42  0.42  0.25  0.86 
0.40  0.37  1.11  0.80  0.81  0.67  0.23  0.36  0.58  0.25  0.00  0.45  1.85  0.96  -0.22  -0.02  -0.18  -0.12  156.71  -487.92  69.23  45.07  -356.89  -27.36  -152.36  -23.96  492.71  99.82  0.00  0.00  321.21  -23.96  -96.39  51.32  -487.92  69.23  0.00  0.00  0.61  0.60  0.09  0.84 
0.45  0.41  1.11  0.76  0.71  0.76  0.12  0.33  0.56  0.25  0.00  0.51  1.85  0.71  0.01  -0.14  -0.14  -0.13  130.24  -235.75  956.06  53.02  62.00  71.44  -143.84  44.09  531.50  96.49  0.00  0.00  136.60  44.09  62.52  -115.53  -235.75  956.06  0.00  0.00  0.37  0.15  1.00  0.36 
0.50  0.46  1.11  0.64  0.57  0.82  0.03  0.35  0.56  0.25  0.00  0.55  1.85  0.32  0.32  -0.18  -0.18  -0.12  107.32  818.03  836.05  48.53  379.47  170.53  217.85  92.60  561.03  76.30  0.00  0.00  20.07  92.60  214.60  -263.13  818.03  836.05  0.00  0.00  0.03  0.00  0.00  0.05 
0.55  0.50  1.11  0.66  0.56  0.82  0.00  0.38  0.56  0.25  0.00  0.58  1.86  0.28  0.28  -0.22  -0.22  -0.10  107.82  973.92  423.58  33.01  280.00  358.20  146.53  187.38  0.00  0.00  0.00  0.00  7.61  -75.32  -36.65  19.11  0.00  0.00  0.00  0.00  0.00  0.00  0.00  0.02 
0.60  0.55  1.11  0.68  0.56  0.82  0.00  0.49  0.58  0.28  0.03  0.60  1.86  0.24  0.24  -0.11  -0.36  -0.07  106.51  599.32  685.42  11.39  42.15  391.65  11.80  147.31  0.00  0.00  0.00  0.00  41.93  -143.70  -130.66  123.28  0.00  0.00  0.00  0.00  0.00  0.00  0.00  0.11 
0.65  0.59  1.11  0.71  0.56  0.82  0.00  0.69  0.59  0.34  0.12  0.63  1.86  0.20  0.20  0.18  -0.64  -0.04  112.59  145.38  884.21  -9.49  71.18  245.39  32.00  -78.77  0.00  0.00  0.00  0.00  53.46  -196.23  -160.31  169.90  0.00  0.00  0.00  0.00  0.00  0.00  0.00  0.14 
0.70  0.64  1.11  0.73  0.56  0.82  0.00  0.86  0.63  0.43  0.23  0.66  1.86  0.16  0.16  0.43  -0.83  -0.02  126.68  -60.98  618.19  -22.99  101.21  98.61  49.80  -108.36  0.00  0.00  0.00  0.00  -17.40  -77.92  21.88  1.16  0.00  0.00  0.00  0.00  0.01  0.00  0.00  0.05 
0.75  0.69  1.11  0.78  0.59  0.82  0.00  1.02  0.70  0.56  0.33  0.70  1.86  0.18  0.06  0.68  -0.90  -0.02  147.35  -315.54  456.67  -24.83  27.37  -17.97  2.43  -102.42  0.00  0.00  0.00  0.00  -45.07  48.06  100.45  -75.64  0.00  0.00  0.00  0.00  0.02  0.00  0.00  0.12 
0.80  0.73  1.11  0.83  0.59  0.82  0.00  1.15  0.79  0.71  0.39  0.76  1.86  0.19  -0.03  0.92  -0.84  -0.04  169.37  -516.18  74.39  -14.42  -37.48  -244.02  -35.51  -46.35  0.00  0.00  0.00  0.00  -28.07  146.32  50.72  -36.39  0.00  0.00  0.00  0.00  0.01  0.00  0.00  0.07 
0.85  0.78  1.11  0.87  0.59  0.82  0.00  1.24  0.86  0.89  0.39  0.82  1.86  0.17  -0.09  1.08  -0.66  -0.06  182.72  -404.64  -243.15  4.93  -28.38  -404.36  -31.14  14.70  0.00  0.00  0.00  0.00  -30.28  239.32  59.17  -64.22  0.00  0.00  0.00  0.00  0.00  0.00  0.00  0.08 
0.90  0.82  1.11  0.90  0.58  0.82  0.00  1.29  0.87  1.04  0.33  0.89  1.86  0.14  -0.13  1.09  -0.44  -0.09  178.04  -367.90  -235.13  27.08  -23.55  -414.76  -28.06  -30.02  0.00  0.00  0.00  0.00  -49.13  328.66  118.17  -145.36  0.00  0.00  0.00  0.00  0.00  0.00  0.00  0.13 
0.95  0.87  1.11  0.91  0.58  0.82  0.00  1.30  0.80  1.17  0.23  0.96  1.85  0.09  -0.17  0.96  -0.22  -0.12  156.98  -546.52  8.40  45.00  -50.63  -360.99  -40.46  -151.51  0.00  0.00  0.00  0.00  -23.96  321.21  51.32  -96.39  0.00  0.00  0.00  0.00  0.00  0.00  0.00  0.06 
1.00  0.92  1.11  0.93  0.58  0.82  0.00  1.26  0.71  1.26  0.12  1.01  1.85  0.02  -0.18  0.71  0.01  -0.13  129.04  -353.49  998.71  53.01  5.84  106.14  -19.16  -133.52  0.00  0.00  0.00  0.00  44.09  136.60  -115.53  62.52  0.00  0.00  0.00  0.00  0.02  0.00  0.00  0.12 
1.05  0.96  1.11  0.91  0.58  0.82  0.00  1.14  0.57  1.32  0.03  1.05  1.85  -0.09  -0.16  0.32  0.32  -0.12  105.17  1034.12  872.23  48.58  291.97  431.55  138.20  235.35  0.00  0.00  0.00  0.00  92.60  20.07  -263.13  214.60  0.00  0.00  0.00  0.00  0.04  0.01  0.00  0.24 
1.10  1.01  1.11  0.93  0.56  0.86  0.00  1.18  0.56  1.36  0.00  1.08  1.86  -0.13  -0.13  0.31  0.31  -0.10  106.47  1060.00  485.10  33.12  444.69  236.79  238.95  132.46  575.91  -69.52  0.00  0.00  -75.32  7.61  19.11  -36.65  1060.00  485.10  0.00  0.00  0.07  0.02  0.00  0.20 
1.15  1.05  1.11  1.10  0.58  0.89  0.03  1.20  0.56  1.36  0.00  1.11  1.86  0.09  -0.37  0.27  0.27  -0.07  107.71  310.18  845.49  11.52  319.52  -4.04  52.58  -3.72  569.26  -50.25  0.00  0.00  -143.70  41.93  123.28  -130.66  310.18  845.49  0.00  0.00  0.30  0.13  0.46  0.38 
1.20  1.10  1.11  1.27  0.61  0.94  0.12  1.23  0.56  1.36  0.00  1.13  1.86  0.33  -0.59  0.23  0.23  -0.04  117.75  -31.73  730.08  -9.39  198.66  27.50  -77.00  7.03  545.98  -25.81  0.00  0.00  -196.23  53.46  169.90  -160.31  -31.73  730.08  0.00  0.00  0.38  0.23  0.73  0.52 
1.25  1.14  1.11  1.43  0.66  1.03  0.23  1.25  0.56  1.36  0.00  1.16  1.86  0.57  -0.74  0.19  0.19  -0.02  135.04  -86.10  633.78  -22.94  144.52  80.74  -102.36  37.52  512.37  3.95  0.00  0.00  -77.92  -17.40  1.16  21.88  -86.10  633.78  0.00  0.00  0.12  0.03  0.73  0.20 
1.30  1.19  1.11  1.58  0.75  1.16  0.33  1.27  0.56  1.36  0.00  1.21  1.86  0.82  -0.78  0.15  0.15  -0.02  157.56  -228.87  397.93  -24.85  -48.66  104.43  -96.13  51.86  477.05  37.45  0.00  0.00  48.06  -45.07  -75.64  100.45  -228.87  397.93  0.00  0.00  0.05  0.01  0.35  0.13 
1.35  1.24  1.11  1.70  0.85  1.32  0.39  1.34  0.59  1.36  0.00  1.26  1.86  1.05  -0.69  0.19  0.04  -0.04  181.57  -418.40  -19.56  -14.51  -286.82  9.29  -29.65  -8.92  449.88  70.26  0.00  0.00  146.32  -28.07  -36.39  50.72  -418.40  -19.56  0.00  0.00  0.03  0.01  0.00  0.38 
1.40  1.28  1.11  1.77  0.91  1.49  0.39  1.38  0.59  1.36  0.00  1.33  1.86  1.19  -0.49  0.19  -0.04  -0.06  193.49  -373.59  -328.99  4.81  -430.49  -47.09  15.15  -40.67  441.48  97.49  0.00  0.00  239.32  -30.28  -64.22  59.17  -373.59  -328.99  0.00  0.00  0.17  0.12  0.21  0.63 
1.45  1.33  1.11  1.81  0.90  1.65  0.33  1.41  0.59  1.36  0.00  1.40  1.86  1.16  -0.28  0.17  -0.10  -0.09  185.16  -378.09  -301.23  26.96  -450.68  -24.46  -58.35  -29.08  457.01  116.59  0.00  0.00  328.66  -49.13  -145.36  118.17  -378.09  -301.23  0.00  0.00  0.48  0.48  0.35  0.86 
1.50  1.37  1.11  1.81  0.82  1.78  0.23  1.44  0.58  1.36  0.00  1.46  1.85  0.99  -0.06  0.13  -0.14  -0.12  160.12  -552.32  243.89  44.92  -213.02  -25.76  -181.56  -28.95  491.12  125.04  0.00  0.00  321.21  -23.96  -96.39  51.32  -552.32  243.89  0.00  0.00  0.72  0.71  0.32  0.84 
1.55  1.42  1.11  1.75  0.69  1.87  0.12  1.46  0.58  1.36  0.00  1.51  1.85  0.67  0.21  0.07  -0.17  -0.13  126.65  -257.19  1026.32  53.00  193.37  -74.76  -9.57  -52.54  533.17  118.54  0.00  0.00  136.60  44.09  62.52  -115.53  -257.19  1026.32  0.00  0.00  0.33  0.14  0.63  0.36 
1.60  1.46  1.11  1.69  0.57  1.93  0.03  1.47  0.58  1.36  0.00  1.56  1.85  0.40  0.40  0.00  -0.18  -0.12  110.06  763.10  833.59  48.64  369.04  173.16  203.25  72.91  551.31  101.79  0.00  0.00  20.07  92.60  214.60  -263.13  763.10  833.59  0.00  0.00  0.02  0.00  0.00  0.05 
1.65  1.51  1.11  1.72  0.56  1.93  0.00  1.43  0.56  1.36  0.00  1.59  1.86  0.36  0.36  -0.14  -0.14  -0.10  109.54  1067.87  432.05  33.23  214.49  513.62  104.82  264.91  0.00  0.00  0.00  0.00  7.61  -75.32  -36.65  19.11  0.00  0.00  0.00  0.00  0.00  0.00  0.00  0.02 
1.70  1.56  1.11  1.74  0.56  1.93  0.00  1.60  0.58  1.39  0.03  1.61  1.86  0.32  0.32  0.09  -0.37  -0.07  110.41  498.86  872.11  11.64  55.10  416.52  15.35  90.51  0.00  0.00  0.00  0.00  41.93  -143.70  -130.66  123.28  0.00  0.00  0.00  0.00  0.00  0.00  0.00  0.11 
1.75  1.60  1.11  1.76  0.56  1.93  0.00  1.77  0.61  1.44  0.12  1.63  1.86  0.28  0.28  0.33  -0.59  -0.04  120.06  -30.19  731.35  -9.28  34.09  199.58  8.74  -76.94  0.00  0.00  0.00  0.00  53.46  -196.23  -160.31  169.90  0.00  0.00  0.00  0.00  0.00  0.00  0.00  0.14 
1.80  1.65  1.11  1.79  0.56  1.93  0.00  1.93  0.66  1.53  0.23  1.67  1.86  0.25  0.25  0.57  -0.74  -0.02  136.92  -173.81  616.05  -22.90  29.44  144.13  7.53  -102.43  0.00  0.00  0.00  0.00  -17.40  -77.92  21.88  1.16  0.00  0.00  0.00  0.00  0.00  0.00  0.00  0.05 
1.85  1.69  1.11  1.81  0.56  1.93  0.00  2.08  0.75  1.66  0.33  1.71  1.86  0.21  0.21  0.82  -0.79  -0.02  158.99  -310.63  393.06  -24.88  58.21  -47.50  24.63  -96.37  0.00  0.00  0.00  0.00  -45.07  48.06  100.45  -75.64  0.00  0.00  0.00  0.00  0.00  0.00  0.00  0.12 
1.90  1.74  1.11  1.83  0.56  1.93  0.00  2.20  0.85  1.82  0.39  1.77  1.86  0.17  0.17  1.05  -0.69  -0.04  181.09  -278.42  1.05  -14.59  97.46  -285.48  47.47  -30.13  0.00  0.00  0.00  0.00  -28.07  146.32  50.72  -36.39  0.00  0.00  0.00  0.00  0.01  0.00  0.00  0.07 
1.95  1.78  1.11  1.88  0.59  1.93  0.00  2.28  0.91  1.99  0.39  1.83  1.86  0.17  0.08  1.18  -0.50  -0.06  192.88  -227.46  -283.95  4.69  50.93  -429.68  17.46  15.32  0.00  0.00  0.00  0.00  -30.28  239.32  59.17  -64.22  0.00  0.00  0.00  0.00  0.01  0.00  0.00  0.08 
2.00  1.83  1.11  1.93  0.59  1.93  0.00  2.32  0.90  2.15  0.33  1.90  1.86  0.19  -0.01  1.16  -0.28  -0.09  185.55  -388.50  -301.76  26.84  -27.44  -448.48  -30.08  -57.21  0.00  0.00  0.00  0.00  -49.13  328.66  118.17  -145.36  0.00  0.00  0.00  0.00  0.02  0.00  0.00  0.13 
2.05  1.88  1.11  1.97  0.59  1.93  0.00  2.32  0.82  2.28  0.23  1.96  1.85  0.18  -0.08  0.99  -0.06  -0.12  160.91  -573.68  218.37  44.84  -35.75  -218.38  -34.95  -180.39  0.00  0.00  0.00  0.00  -23.96  321.21  51.32  -96.39  0.00  0.00  0.00  0.00  0.00  0.00  0.00  0.06 
2.10  1.92  1.11  2.00  0.59  1.93  0.00  2.25  0.70  2.37  0.12  2.02  1.85  0.14  -0.12  0.67  0.20  -0.13  127.67  -73.65  1056.60  52.99  46.54  234.49  -2.68  -1.26  0.00  0.00  0.00  0.00  44.09  136.60  -115.53  62.52  0.00  0.00  0.00  0.00  0.00  0.00  0.00  0.12 
2.15  1.97  1.11  2.02  0.58  1.93  0.00  2.20  0.57  2.43  0.03  2.06  1.85  0.10  -0.16  0.40  0.40  -0.12  110.38  848.74  803.53  48.70  217.57  419.24  79.99  220.25  0.00  0.00  0.00  0.00  92.60  20.07  -263.13  214.60  0.00  0.00  0.00  0.00  0.00  0.00  0.00  0.24 
2.20  2.01  1.11  2.06  0.58  1.96  0.00  2.24  0.56  2.46  0.00  2.09  1.86  0.09  -0.16  0.39  0.39  -0.10  110.76  731.28  600.82  33.34  350.00  176.05  153.61  92.75  576.23  -30.54  0.00  0.00  -75.32  7.61  19.11  -36.65  731.28  600.82  0.00  0.00  0.05  0.01  0.05  0.20 
2.25  2.06  1.11  2.18  0.59  2.00  0.03  2.26  0.56  2.46  0.00  2.11  1.86  0.23  -0.31  0.35  0.35  -0.07  114.39  339.38  756.18  11.77  374.62  11.70  79.39  0.78  567.84  -17.48  0.00  0.00  -143.70  41.93  123.28  -130.66  339.38  756.18  0.00  0.00  0.23  0.10  0.37  0.38 
2.30  2.10  1.11  2.34  0.63  2.05  0.12  2.28  0.56  2.46  0.00  2.14  1.86  0.45  -0.50  0.31  0.31  -0.04  126.73  40.31  781.28  -9.18  299.99  37.70  -51.87  9.67  542.84  5.81  0.00  0.00  -196.23  53.46  169.90  -160.31  40.31  781.28  0.00  0.00  0.36  0.21  0.76  0.52 
2.35  2.15  1.11  2.49  0.70  2.14  0.23  2.31  0.56  2.46  0.00  2.17  1.86  0.70  -0.63  0.28  0.28  -0.02  146.43  -213.23  594.43  -22.85  140.39  33.11  -101.43  8.48  507.42  34.73  0.00  0.00  -77.92  -17.40  1.16  21.88  -213.23  594.43  0.00  0.00  0.11  0.03  0.65  0.20 
2.40  2.20  1.11  2.63  0.80  2.27  0.33  2.33  0.56  2.46  0.00  2.21  1.86  0.95  -0.65  0.24  0.24  -0.02  170.86  -386.53  288.51  -24.90  -88.47  28.44  -87.69  7.28  470.57  66.85  0.00  0.00  48.06  -45.07  -75.64  100.45  -386.53  288.51  0.00  0.00  0.04  0.01  0.22  0.13 
2.45  2.24  1.11  2.73  0.90  2.43  0.39  2.35  0.56  2.46  0.00  2.27  1.86  1.16  -0.53  0.20  0.20  -0.04  193.00  -273.08  -109.41  -14.68  -327.03  71.82  -17.86  32.36  443.26  97.69  0.00  0.00  146.32  -28.07  -36.39  50.72  -273.08  -109.41  0.00  0.00  0.00  0.00  0.00  0.38 
2.50  2.29  1.11  2.79  0.95  2.60  0.39  2.38  0.56  2.46  0.00  2.33  1.86  1.26  -0.33  0.16  0.16  -0.06  200.87  -98.39  -338.98  4.57  -457.79  101.42  3.30  49.93  436.64  123.40  0.00  0.00  239.32  -30.28  -64.22  59.17  -98.39  -338.98  0.00  0.00  0.21  0.15  0.26  0.63 
2.55  2.33  1.11  2.83  0.92  2.76  0.33  2.43  0.59  2.46  0.00  2.40  1.86  1.20  -0.12  0.19  0.06  -0.09  189.28  -360.26  -434.00  26.72  -567.18  26.18  -107.76  1.68  454.66  141.71  0.00  0.00  328.66  -49.13  -145.36  118.17  -360.26  -434.00  0.00  0.00  0.55  0.55  0.54  0.86 
2.60  2.38  1.11  2.82  0.81  2.89  0.23  2.48  0.59  2.46  0.00  2.47  1.85  0.98  0.12  0.19  -0.03  -0.12  160.64  -796.24  668.81  44.76  -17.84  -38.06  -228.06  -35.82  491.51  148.91  0.00  0.00  321.21  -23.96  -96.39  51.32  -796.24  668.81  0.00  0.00  0.97  0.95  0.97  0.84 
2.65  2.42  1.11  2.70  0.61  2.98  0.12  2.52  0.59  2.46  0.00  2.52  1.85  0.51  0.51  0.17  -0.09  -0.13  119.35  378.12  1074.18  52.97  443.01  -28.07  248.79  -30.98  535.71  131.75  0.00  0.00  136.60  44.09  62.52  -115.53  378.12  1074.18  0.00  0.00  0.27  0.11  0.00  0.36 
2.70  2.47  1.11  2.75  0.57  3.03  0.03  2.54  0.58  2.46  0.00  2.56  1.85  0.48  0.48  0.14  -0.13  -0.12  116.83  657.80  677.55  48.76  334.89  146.86  176.62  51.32  540.38  124.83  0.00  0.00  20.07  92.60  214.60  -263.13  657.80  677.55  0.00  0.00  0.00  0.00  0.00  0.05 
2.75  2.52  1.11  2.77  0.56  3.03  0.00  2.56  0.58  2.46  0.00  2.59  1.86  0.44  0.44  0.09  -0.17  -0.10  114.18  603.72  521.59  33.45  64.88  402.58  17.63  171.11  0.00  0.00  0.00  0.00  7.61  -75.32  -36.65  19.11  0.00  0.00  0.00  0.00  0.00  0.00  0.00  0.02 
2.80  2.56  1.11  2.80  0.56  3.03  0.00  2.68  0.59  2.50  0.03  2.62  1.86  0.40  0.40  0.22  -0.31  -0.07  117.58  462.33  784.34  11.89  67.01  431.89  18.62  97.51  0.00  0.00  0.00  0.00  41.93  -143.70  -130.66  123.28  0.00  0.00  0.00  0.00  0.00  0.00  0.00  0.11 
2.85  2.61  1.11  2.82  0.56  3.03  0.00  2.84  0.63  2.55  0.12  2.64  1.86  0.37  0.37  0.45  -0.51  -0.04  129.62  40.64  779.51  -9.08  44.01  299.19  11.32  -52.03  0.00  0.00  0.00  0.00  53.46  -196.23  -160.31  169.90  0.00  0.00  0.00  0.00  0.00  0.00  0.00  0.14 
2.90  2.65  1.11  2.84  0.56  3.03  0.00  2.99  0.70  2.64  0.23  2.67  1.86  0.33  0.33  0.69  -0.64  -0.03  148.98  -212.52  594.15  -22.80  39.56  140.92  10.16  -101.45  0.00  0.00  0.00  0.00  -17.40  -77.92  21.88  1.16  0.00  0.00  0.00  0.00  0.00  0.00  0.00  0.05 
2.95  2.70  1.11  2.87  0.56  3.03  0.00  3.13  0.80  2.77  0.33  2.72  1.86  0.29  0.29  0.94  -0.65  -0.02  173.05  -387.35  290.38  -24.92  35.01  -87.08  8.98  -87.98  0.00  0.00  0.00  0.00  -45.07  48.06  100.45  -75.64  0.00  0.00  0.00  0.00  0.00  0.00  0.00  0.12 
3.00  2.75  1.11  2.89  0.56  3.03  0.00  3.23  0.90  2.93  0.39  2.77  1.86  0.25  0.25  1.16  -0.54  -0.04  194.89  -348.79  -121.90  -14.77  30.38  -325.77  7.78  -18.14  0.00  0.00  0.00  0.00  -28.07  146.32  50.72  -36.39  0.00  0.00  0.00  0.00  0.00  0.00  0.00  0.07 
3.05  2.79  1.11  2.91  0.56  3.03  0.00  3.30  0.95  3.10  0.39  2.84  1.86  0.21  0.21  1.26  -0.34  -0.06  202.52  -226.82  -354.16  4.44  25.66  -456.76  6.56  3.89  0.00  0.00  0.00  0.00  -30.28  239.32  59.17  -64.22  0.00  0.00  0.00  0.00  0.00  0.00  0.00  0.08 
3.10  2.84  1.11  2.93  0.56  3.03  0.00  3.33  0.92  3.26  0.33  2.91  1.86  0.17  0.17  1.20  -0.12  -0.09  189.46  -254.65  -425.71  26.61  92.88  -572.15  44.69  -106.10  0.00  0.00  0.00  0.00  -49.13  328.66  118.17  -145.36  0.00  0.00  0.00  0.00  0.00  0.00  0.00  0.13 
3.15  2.88  1.11  2.96  0.56  3.03  0.00  3.32  0.82  3.39  0.23  2.97  1.85  0.13  0.13  0.98  0.11  -0.12  159.72  -568.49  712.42  44.69  108.63  -21.27  54.70  -231.09  0.00  0.00  0.00  0.00  -23.96  321.21  51.32  -96.39  0.00  0.00  0.00  0.00  0.01  0.00  0.00  0.06 
3.20  2.93  1.11  3.03  0.59  3.03  0.00  3.20  0.61  3.48  0.12  3.02  1.85  0.19  0.00  0.51  0.51  -0.13  119.57  489.11  1124.18  52.96  33.57  488.67  -9.29  264.26  0.00  0.00  0.00  0.00  44.09  136.60  -115.53  62.52  0.00  0.00  0.00  0.00  0.02  0.00  0.00  0.12 
3.25  2.97  1.11  3.07  0.59  3.03  0.00  3.25  0.57  3.53  0.03  3.07  1.85  0.18  -0.06  0.48  0.48  -0.12  117.42  683.81  678.36  48.82  146.97  383.03  40.58  193.11  0.00  0.00  0.00  0.00  92.60  20.07  -263.13  214.60  0.00  0.00  0.00  0.00  0.01  0.00  0.00  0.24 
3.30  3.02  1.11  3.11  0.59  3.07  0.00  3.30  0.56  3.57  0.00  3.10  1.86  0.18  -0.07  0.46  0.46  -0.10  117.52  467.57  542.79  33.56  351.79  25.53  148.05  4.42  575.42  -0.57  0.00  0.00  -75.32  7.61  19.11  -36.65  467.57  542.79  0.00  0.00  0.05  0.01  0.05  0.20 
3.35  3.07  1.11  3.23  0.61  3.10  0.03  3.32  0.56  3.57  0.00  3.12  1.86  0.32  -0.22  0.43  0.43  -0.07  122.42  315.32  796.58  12.02  397.78  26.60  80.91  5.05  566.06  12.80  0.00  0.00  -143.70  41.93  123.28  -130.66  315.32  796.58  0.00  0.00  0.23  0.10  0.39  0.38 
3.40  3.11  1.11  3.39  0.66  3.16  0.12  3.34  0.56  3.57  0.00  3.14  1.86  0.55  -0.40  0.39  0.39  -0.04  136.89  -8.86  780.17  -8.98  302.40  47.43  -52.41  12.21  539.53  35.82  0.00  0.00  -196.23  53.46  169.90  -160.31  -8.86  780.17  0.00  0.00  0.35  0.21  0.74  0.52 
3.45  3.16  1.11  3.54  0.74  3.25  0.23  3.36  0.56  3.57  0.00  3.18  1.86  0.80  -0.51  0.36  0.36  -0.03  158.71  -264.27  545.96  -22.76  114.07  43.07  -101.05  11.07  502.54  64.01  0.00  0.00  -77.92  -17.40  1.16  21.88  -264.27  545.96  0.00  0.00  0.11  0.03  0.55  0.20 
3.50  3.20  1.11  3.66  0.85  3.38  0.33  3.39  0.56  3.57  0.00  3.22  1.86  1.05  -0.51  0.32  0.32  -0.02  184.28  -390.92  186.28  -24.95  -132.96  38.60  -78.87  9.91  464.70  94.71  0.00  0.00  48.06  -45.07  -75.64  100.45  -390.92  186.28  0.00  0.00  0.03  0.00  0.11  0.13 
3.55  3.25  1.11  3.75  0.94  3.54  0.39  3.41  0.56  3.57  0.00  3.28  1.86  1.25  -0.37  0.28  0.28  -0.04  204.95  -290.89  -214.27  -14.85  -365.25  34.04  -14.04  8.72  438.02  123.83  0.00  0.00  146.32  -28.07  -36.39  50.72  -290.89  -214.27  0.00  0.00  0.03  0.01  0.03  0.38 
3.60  3.29  1.11  3.81  0.97  3.71  0.39  3.43  0.56  3.57  0.00  3.34  1.86  1.31  -0.17  0.24  0.24  -0.06  208.84  -207.17  -430.17  4.32  -504.74  29.38  -22.93  7.52  433.59  148.45  0.00  0.00  239.32  -30.28  -64.22  59.17  -207.17  -430.17  0.00  0.00  0.26  0.19  0.38  0.63 
3.65  3.34  1.11  3.83  0.92  3.87  0.33  3.46  0.56  3.57  0.00  3.41  1.86  1.21  0.05  0.21  0.21  -0.09  191.24  -385.75  -171.23  26.49  -397.31  59.20  -160.61  25.19  454.27  166.02  0.00  0.00  328.66  -49.13  -145.36  118.17  -385.75  -171.23  0.00  0.00  0.67  0.67  0.22  0.86 
3.70  3.39  1.11  3.81  0.79  4.00  0.23  3.48  0.56  3.57  0.00  3.47  1.85  0.92  0.33  0.17  0.17  -0.12  155.05  -345.83  882.96  44.61  110.37  97.71  -93.88  47.62  494.94  170.58  0.00  0.00  321.21  -23.96  -96.39  51.32  -345.83  882.96  0.00  0.00  0.85  0.83  0.77  0.84 
3.75  3.43  1.11  3.76  0.61  4.09  0.12  3.52  0.59  3.57  0.00  3.53  1.85  0.58  0.58  0.17  0.08  -0.13  126.22  496.44  929.90  52.95  415.74  49.15  226.01  16.32  522.84  152.97  0.00  0.00  136.60  44.09  62.52  -115.53  496.44  929.90  0.00  0.00  0.19  0.08  0.00  0.36 
3.80  3.48  1.11  3.81  0.57  4.14  0.03  3.58  0.59  3.57  0.00  3.57  1.85  0.55  0.55  0.19  -0.01  -0.12  124.04  481.83  627.79  48.87  262.68  124.60  130.16  40.47  528.71  145.38  0.00  0.00  20.07  92.60  214.60  -263.13  481.83  627.79  0.00  0.00  0.00  0.00  0.00  0.05 
3.85  3.52  1.11  3.83  0.56  4.14  0.00  3.62  0.59  3.57  0.00  3.60  1.86  0.51  0.51  0.18  -0.08  -0.10  121.26  525.43  570.37  33.67  84.51  368.21  23.54  145.25  0.00  0.00  0.00  0.00  7.61  -75.32  -36.65  19.11  0.00  0.00  0.00  0.00  0.00  0.00  0.00  0.02 
3.90  3.57  1.11  3.85  0.56  4.14  0.00  3.74  0.61  3.60  0.03  3.62  1.86  0.47  0.47  0.32  -0.22  -0.07  125.97  403.10  817.66  12.14  77.78  433.42  21.57  89.80  0.00  0.00  0.00  0.00  41.93  -143.70  -130.66  123.28  0.00  0.00  0.00  0.00  0.00  0.00  0.00  0.11 
3.95  3.61  1.11  3.88  0.56  4.14  0.00  3.89  0.66  3.66  0.12  3.65  1.86  0.44  0.44  0.55  -0.41  -0.04  140.23  -6.46  779.21  -8.87  53.37  303.00  13.78  -52.23  0.00  0.00  0.00  0.00  53.46  -196.23  -160.31  169.90  0.00  0.00  0.00  0.00  0.00  0.00  0.00  0.14 
4.00  3.66  1.11  3.90  0.56  4.14  0.00  4.04  0.74  3.75  0.23  3.68  1.86  0.41  0.41  0.80  -0.52  -0.03  161.80  -262.92  546.46  -22.71  49.19  115.20  12.68  -101.06  0.00  0.00  0.00  0.00  -17.40  -77.92  21.88  1.16  0.00  0.00  0.00  0.00  0.00  0.00  0.00  0.05 
4.05  3.71  1.11  3.92  0.56  4.14  0.00  4.17  0.85  3.88  0.33  3.72  1.86  0.37  0.37  1.05  -0.51  -0.02  187.12  -391.90  188.19  -24.97  44.88  -131.47  11.55  -79.13  0.00  0.00  0.00  0.00  -45.07  48.06  100.45  -75.64  0.00  0.00  0.00  0.00  0.00  0.00  0.00  0.12 
4.10  3.75  1.11  3.95  0.56  4.14  0.00  4.25  0.94  4.04  0.39  3.78  1.86  0.34  0.34  1.24  -0.38  -0.04  207.58  -293.84  -212.96  -14.94  40.46  -364.02  10.39  -14.01  0.00  0.00  0.00  0.00  -28.07  146.32  50.72  -36.39  0.00  0.00  0.00  0.00  0.00  0.00  0.00  0.07 
4.15  3.80  1.11  3.97  0.56  4.14  0.00  4.31  0.97  4.21  0.39  3.84  1.86  0.30  0.30  1.31  -0.18  -0.06  211.31  -208.81  -428.11  4.20  35.93  -502.39  9.21  -21.80  0.00  0.00  0.00  0.00  -30.28  239.32  59.17  -64.22  0.00  0.00  0.00  0.00  0.00  0.00  0.00  0.08 
4.20  3.84  1.11  3.99  0.56  4.14  0.00  4.34  0.92  4.37  0.33  3.91  1.86  0.26  0.26  1.21  0.05  -0.09  193.54  -434.93  -193.34  26.37  31.31  -403.45  8.02  -158.79  0.00  0.00  0.00  0.00  -49.13  328.66  118.17  -145.36  0.00  0.00  0.00  0.00  0.00  0.00  0.00  0.13 
4.25  3.89  1.11  4.01  0.56  4.14  0.00  4.31  0.79  4.50  0.23  3.98  1.85  0.22  0.22  0.92  0.32  -0.12  157.27  -476.67  859.52  44.53  26.61  105.13  6.80  -99.94  0.00  0.00  0.00  0.00  -23.96  321.21  51.32  -96.39  0.00  0.00  0.00  0.00  0.00  0.00  0.00  0.06 
4.30  3.93  1.11  4.04  0.56  4.14  0.00  4.26  0.61  4.59  0.12  4.03  1.85  0.18  0.18  0.58  0.58  -0.13  126.70  557.59  964.12  52.94  76.56  458.87  23.65  240.76  0.00  0.00  0.00  0.00  44.09  136.60  -115.53  62.52  0.00  0.00  0.00  0.00  0.00  0.00  0.00  0.12 
4.35  3.98  1.11  4.06  0.56  4.14  0.00  4.31  0.57  4.64  0.03  4.07  1.85  0.14  0.14  0.55  0.55  -0.12  122.99  802.21  674.93  48.93  305.93  309.39  139.22  146.52  0.00  0.00  0.00  0.00  92.60  20.07  -263.13  214.60  0.00  0.00  0.00  0.00  0.00  0.00  0.00  0.24 
4.40  4.03  1.11  4.10  0.56  4.18  0.00  4.35  0.56  4.68  0.00  4.10  1.86  0.14  0.14  0.53  0.53  -0.10  122.76  649.07  596.35  33.77  456.07  48.23  224.12  11.37  575.75  20.60  0.00  0.00  -75.32  7.61  19.11  -36.65  649.07  596.35  0.00  0.00  0.08  0.02  0.00  0.20 
4.45  4.07  1.11  4.27  0.62  4.21  0.03  4.38  0.56  4.68  0.00  4.13  1.86  0.38  -0.10  0.50  0.50  -0.07  130.46  172.87  935.59  12.27  367.93  40.42  46.07  9.03  564.62  40.69  0.00  0.00  -143.70  41.93  123.28  -130.66  172.87  935.59  0.00  0.00  0.30  0.13  0.54  0.38 
4.50  4.12  1.11  4.43  0.68  4.27  0.12  4.40  0.56  4.68  0.00  4.15  1.86  0.63  -0.29  0.47  0.47  -0.04  147.20  -155.10  693.14  -8.77  208.34  56.58  -77.58  14.62  536.53  64.27  0.00  0.00  -196.23  53.46  169.90  -160.31  -155.10  693.14  0.00  0.00  0.35  0.21  0.64  0.52 
4.55  4.16  1.11  4.57  0.78  4.36  0.23  4.42  0.56  4.68  0.00  4.18  1.86  0.89  -0.38  0.43  0.43  -0.03  170.85  -315.91  472.40  -22.66  69.59  52.50  -101.83  13.55  498.23  91.87  0.00  0.00  -77.92  -17.40  1.16  21.88  -315.91  472.40  0.00  0.00  0.10  0.02  0.43  0.20 
4.60  4.21  1.11  4.69  0.88  4.48  0.33  4.44  0.56  4.68  0.00  4.23  1.86  1.13  -0.35  0.40  0.40  -0.02  196.78  -377.18  83.82  -24.99  -179.63  48.29  -72.78  12.44  459.97  121.26  0.00  0.00  48.06  -45.07  -75.64  100.45  -377.18  83.82  0.00  0.00  0.03  0.00  0.04  0.13 
4.65  4.25  1.11  4.77  0.97  4.64  0.39  4.47  0.56  4.68  0.00  4.28  1.86  1.30  -0.21  0.36  0.36  -0.04  215.13  -244.16  -295.36  -15.03  -405.86  43.95  -21.36  11.30  434.52  149.03  0.00  0.00  146.32  -28.07  -36.39  50.72  -244.16  -295.36  0.00  0.00  0.05  0.02  0.09  0.38 
4.70  4.30  1.11  4.81  0.98  4.81  0.39  4.49  0.56  4.68  0.00  4.35  1.86  1.33  -0.00  0.33  0.33  -0.06  214.75  -227.82  -681.89  4.08  -685.27  39.50  -76.17  10.14  432.52  172.88  0.00  0.00  239.32  -30.28  -64.22  59.17  -227.82  -681.89  0.00  0.00  0.31  0.23  0.67  0.63 
4.75  4.35  1.11  4.84  0.90  4.97  0.33  4.51  0.56  4.68  0.00  4.42  1.86  1.17  0.24  0.29  0.29  -0.09  191.84  -799.09  297.95  26.25  -152.47  34.96  -251.32  8.96  456.25  189.38  0.00  0.00  328.66  -49.13  -145.36  118.17  -799.09  297.95  0.00  0.00  1.00  1.00  0.48  0.86 
4.80  4.39  1.11  4.75  0.67  5.10  0.23  4.54  0.56  4.68  0.00  4.48  1.85  0.68  0.68  0.25  0.25  -0.12  140.58  229.11  1135.88  44.45  408.23  30.32  237.18  7.76  504.25  181.74  0.00  0.00  321.21  -23.96  -96.39  51.32  229.11  1135.88  0.00  0.00  0.69  0.67  0.00  0.84 
4.85  4.44  1.11  4.82  0.61  5.19  0.12  4.56  0.56  4.68  0.00  4.53  1.85  0.65  0.65  0.21  0.21  -0.13  134.96  466.21  717.80  52.92  363.69  25.60  190.86  6.55  509.78  171.42  0.00  0.00  136.60  44.09  62.52  -115.53  466.21  717.80  0.00  0.00  0.00  0.00  0.00  0.36 
4.90  4.48  1.11  4.87  0.57  5.25  0.03  4.58  0.56  4.68  0.00  4.58  1.85  0.62  0.62  0.17  0.17  -0.12  130.44  413.99  492.72  48.99  66.47  255.62  16.75  122.58  516.71  163.51  0.00  0.00  20.07  92.60  214.60  -263.13  413.99  492.72  0.00  0.00  0.00  0.00  0.00  0.05 
4.95  4.53  1.11  4.89  0.56  5.25  0.00  4.60  0.56  4.68  0.00  4.61  1.86  0.57  0.57  0.13  0.13  -0.10  126.61  758.16  622.42  33.88  101.41  509.34  28.60  241.89  0.00  0.00  0.00  0.00  7.61  -75.32  -36.65  19.11  0.00  0.00  0.00  0.00  0.00  0.00  0.00  0.02 
5.00  4.58  1.11  4.91  0.56  5.25  0.00  4.77  0.62  4.71  0.03  4.63  1.86  0.54  0.54  0.38  -0.11  -0.07  134.27  272.05  975.36  12.39  87.39  418.25  24.20  60.42  0.00  0.00  0.00  0.00  41.93  -143.70  -130.66  123.28  0.00  0.00  0.00  0.00  0.00  0.00  0.00  0.11 
5.05  4.62  1.11  4.93  0.56  5.25  0.00  4.93  0.68  4.77  0.12  4.65  1.86  0.51  0.51  0.63  -0.29  -0.04  150.85  -153.79  690.07  -8.67  62.10  207.26  16.09  -77.63  0.00  0.00  0.00  0.00  53.46  -196.23  -160.31  169.90  0.00  0.00  0.00  0.00  0.00  0.00  0.00  0.14 
5.10  4.67  1.11  4.96  0.56  5.25  0.00  5.08  0.77  4.86  0.23  4.69  1.86  0.48  0.48  0.89  -0.39  -0.03  174.33  -314.12  473.89  -22.62  58.22  71.36  15.06  -101.75  0.00  0.00  0.00  0.00  -17.40  -77.92  21.88  1.16  0.00  0.00  0.00  0.00  0.00  0.00  0.00  0.05 
5.15  4.71  1.11  4.98  0.56  5.25  0.00  5.19  0.88  4.98  0.33  4.73  1.86  0.45  0.45  1.13  -0.36  -0.02  200.11  -378.11  85.73  -25.02  54.19  -178.08  13.99  -72.90  0.00  0.00  0.00  0.00  -45.07  48.06  100.45  -75.64  0.00  0.00  0.00  0.00  0.00  0.00  0.00  0.12 
5.20  4.76  1.11  5.00  0.56  5.25  0.00  5.27  0.97  5.14  0.39  4.78  1.86  0.41  0.41  1.30  -0.21  -0.04  218.36  -246.14  -294.08  -15.11  50.04  -404.39  12.90  -20.91  0.00  0.00  0.00  0.00  -28.07  146.32  50.72  -36.39  0.00  0.00  0.00  0.00  0.00  0.00  0.00  0.07 
5.25  4.80  1.11  5.03  0.56  5.25  0.00  5.32  0.98  5.31  0.39  4.85  1.86  0.38  0.38  1.33  -0.01  -0.06  217.91  -227.42  -690.63  3.96  45.75  -690.78  11.77  -74.22  0.00  0.00  0.00  0.00  -30.28  239.32  59.17  -64.22  0.00  0.00  0.00  0.00  0.00  0.00  0.00  0.08 
5.30  4.85  1.11  5.05  0.56  5.25  0.00  5.34  0.91  5.47  0.33  4.92  1.86  0.34  0.34  1.18  0.23  -0.09  194.94  -804.81  290.07  26.13  41.35  -156.01  10.62  -253.81  0.00  0.00  0.00  0.00  -49.13  328.66  118.17  -145.36  0.00  0.00  0.00  0.00  0.00  0.00  0.00  0.13 
5.35  4.90  1.11  5.07  0.56  5.25  0.00  5.25  0.67  5.60  0.23  4.98  1.85  0.31  0.31  0.68  0.68  -0.12  142.98  226.74  1141.21  44.37  36.84  409.35  9.45  238.01  0.00  0.00  0.00  0.00  -23.96  321.21  51.32  -96.39  0.00  0.00  0.00  0.00  0.00  0.00  0.00  0.06 
5.40  4.94  1.11  5.09  0.56  5.25  0.00  5.32  0.61  5.69  0.12  5.04  1.85  0.27  0.27  0.65  0.65  -0.13  137.07  563.60  761.46  52.91  85.39  404.50  25.81  205.01  0.00  0.00  0.00  0.00  44.09  136.60  -115.53  62.52  0.00  0.00  0.00  0.00  0.00  0.00  0.00  0.12 
5.45  4.99  1.11  5.12  0.56  5.25  0.00  5.37  0.57  5.75  0.03  5.08  1.85  0.23  0.23  0.61  0.61  -0.12  132.22  427.03  519.00  49.04  259.83  105.77  110.73  29.74  0.00  0.00  0.00  0.00  92.60  20.07  -263.13  214.60  0.00  0.00  0.00  0.00  0.00  0.00  0.00  0.24 
5.50  5.03  1.11  5.16  0.56  5.29  0.00  5.41  0.56  5.79  0.00  5.11  1.86  0.22  0.22  0.60  0.60  -0.10  131.69  622.97  592.09  33.99  449.05  68.11  214.30  17.44  570.47  49.44  0.00  0.00  -75.32  7.61  19.11  -36.65  622.97  592.09  0.00  0.00  0.06  0.01  0.00  0.20 
5.55  5.08  1.11  5.28  0.62  5.32  0.03  5.43  0.56  5.79  0.00  5.13  1.86  0.39  0.06  0.57  0.57  -0.07  136.90  319.25  946.47  12.52  456.50  53.01  128.97  12.67  564.37  65.26  0.00  0.00  -143.70  41.93  123.28  -130.66  319.25  946.47  0.00  0.00  0.28  0.12  0.34  0.38 
5.60  5.12  1.11  5.46  0.70  5.37  0.12  5.46  0.56  5.79  0.00  5.16  1.86  0.69  -0.15  0.54  0.54  -0.04  156.65  -192.51  795.30  -8.57  255.18  65.05  -76.84  16.87  534.33  91.11  0.00  0.00  -196.23  53.46  169.90  -160.31  -192.51  795.30  0.00  0.00  0.38  0.23  0.73  0.52 
5.65  5.17  1.11  5.60  0.80  5.46  0.23  5.48  0.56  5.79  0.00  5.19  1.86  0.95  -0.24  0.51  0.51  -0.03  181.87  -373.09  362.01  -22.57  -3.42  61.29  -108.57  15.87  494.94  118.42  0.00  0.00  -77.92  -17.40  1.16  21.88  -373.09  362.01  0.00  0.00  0.10  0.02  0.30  0.20 
5.70  5.22  1.11  5.71  0.91  5.59  0.33  5.50  0.56  5.79  0.00  5.23  1.86  1.18  -0.20  0.47  0.47  -0.02  207.47  -355.70  -16.90  -25.04  -229.81  57.37  -73.28  14.83  456.76  146.76  0.00  0.00  48.06  -45.07  -75.64  100.45  -355.70  -16.90  0.00  0.00  0.02  0.00  0.01  0.13 
5.75  5.26  1.11  5.78  0.98  5.75  0.39  5.52  0.56  5.79  0.00  5.29  1.86  1.33  -0.04  0.44  0.44  -0.04  222.97  -217.52  -397.08  -15.20  -467.48  53.32  -44.44  13.76  432.96  173.57  0.00  0.00  146.32  -28.07  -36.39  50.72  -217.52  -397.08  0.00  0.00  0.08  0.04  0.17  0.38 
5.80  5.31  1.11  5.82  0.97  5.92  0.39  5.55  0.56  5.79  0.00  5.35  1.86  1.31  0.17  0.41  0.41  -0.06  218.03  -318.67  -421.12  3.84  -498.81  49.14  -135.40  12.66  433.64  196.75  0.00  0.00  239.32  -30.28  -64.22  59.17  -318.67  -421.12  0.00  0.00  0.41  0.30  0.45  0.63 
5.85  5.35  1.11  5.82  0.86  6.08  0.33  5.57  0.56  5.79  0.00  5.42  1.86  1.08  0.46  0.37  0.37  -0.09  187.74  -601.41  541.07  26.01  -20.55  44.83  -130.95  11.53  461.80  210.91  0.00  0.00  328.66  -49.13  -145.36  118.17  -601.41  541.07  0.00  0.00  0.86  0.86  0.49  0.86 
5.90  5.40  1.11  5.80  0.67  6.21  0.23  5.59  0.56  5.79  0.00  5.49  1.85  0.74  0.74  0.34  0.34  -0.12  152.48  275.95  908.87  44.29  362.88  40.40  206.11  10.38  489.94  198.42  0.00  0.00  321.21  -23.96  -96.39  51.32  275.95  908.87  0.00  0.00  0.46  0.45  0.00  0.84 
5.95  5.44  1.11  5.87  0.61  6.30  0.12  5.62  0.56  5.79  0.00  5.54  1.85  0.71  0.71  0.30  0.30  -0.13  145.63  325.76  635.01  52.90  271.37  35.87  134.72  9.20  496.87  187.36  0.00  0.00  136.60  44.09  62.52  -115.53  325.76  635.01  0.00  0.00  0.00  0.00  0.00  0.36 
6.00  5.49  1.11  5.92  0.57  6.35  0.03  5.64  0.56  5.79  0.00  5.58  1.85  0.68  0.68  0.26  0.26  -0.12  140.11  340.02  508.66  49.10  89.12  212.34  23.80  95.40  504.70  179.41  0.00  0.00  20.07  92.60  214.60  -263.13  340.02  508.66  0.00  0.00  0.00  0.00  0.00  0.05 
6.05  5.54  1.11  5.94  0.56  6.35  0.00  5.66  0.56  5.79  0.00  5.61  1.86  0.64  0.64  0.22  0.22  -0.10  135.55  722.61  629.48  34.10  115.75  500.83  32.89  231.70  0.00  0.00  0.00  0.00  7.61  -75.32  -36.65  19.11  0.00  0.00  0.00  0.00  0.00  0.00  0.00  0.02 
6.10  5.58  1.11  5.97  0.56  6.35  0.00  5.79  0.62  5.82  0.03  5.64  1.86  0.61  0.61  0.39  0.06  -0.07  140.91  405.71  988.99  12.64  95.86  503.77  26.52  141.36  0.00  0.00  0.00  0.00  41.93  -143.70  -130.66  123.28  0.00  0.00  0.00  0.00  0.00  0.00  0.00  0.11 
6.15  5.63  1.11  5.99  0.56  6.35  0.00  5.96  0.70  5.87  0.12  5.66  1.86  0.58  0.58  0.69  -0.15  -0.04  160.51  -189.80  788.91  -8.46  70.11  253.16  18.22  -76.74  0.00  0.00  0.00  0.00  53.46  -196.23  -160.31  169.90  0.00  0.00  0.00  0.00  0.00  0.00  0.00  0.14 
6.20  5.67  1.11  6.01  0.56  6.35  0.00  6.10  0.80  5.96  0.23  5.69  1.86  0.55  0.55  0.95  -0.24  -0.03  185.63  -370.41  365.62  -22.52  66.56  -0.14  17.27  -108.13  0.00  0.00  0.00  0.00  -17.40  -77.92  21.88  1.16  0.00  0.00  0.00  0.00  0.00  0.00  0.00  0.05 
6.25  5.72  1.11  6.04  0.56  6.35  0.00  6.21  0.91  6.09  0.33  5.74  1.86  0.52  0.52  1.18  -0.20  -0.02  211.17  -356.30  -14.79  -25.06  62.86  -228.07  16.29  -73.11  0.00  0.00  0.00  0.00  -45.07  48.06  100.45  -75.64  0.00  0.00  0.00  0.00  0.00  0.00  0.00  0.12 
6.30  5.76  1.11  6.06  0.56  6.35  0.00  6.28  0.98  6.25  0.39  5.79  1.86  0.49  0.49  1.33  -0.05  -0.04  226.65  -218.21  -393.89  -15.28  59.01  -464.58  15.27  -43.34  0.00  0.00  0.00  0.00  -28.07  146.32  50.72  -36.39  0.00  0.00  0.00  0.00  0.00  0.00  0.00  0.07 
6.35  5.81  1.11  6.08  0.56  6.35  0.00  6.32  0.97  6.42  0.39  5.86  1.86  0.46  0.46  1.31  0.17  -0.06  221.72  -314.44  -432.47  3.71  55.01  -505.50  14.21  -133.48  0.00  0.00  0.00  0.00  -30.28  239.32  59.17  -64.22  0.00  0.00  0.00  0.00  0.00  0.00  0.00  0.08 
6.40  5.86  1.11  6.11  0.56  6.35  0.00  6.33  0.86  6.58  0.33  5.92  1.86  0.42  0.42  1.09  0.45  -0.09  191.58  -611.42  529.72  25.89  50.88  -25.98  13.12  -136.69  0.00  0.00  0.00  0.00  -49.13  328.66  118.17  -145.36  0.00  0.00  0.00  0.00  0.00  0.00  0.00  0.13 
6.45  5.90  1.11  6.13  0.56  6.35  0.00  6.31  0.67  6.71  0.23  5.99  1.85  0.39  0.39  0.74  0.74  -0.12  155.45  273.05  915.32  44.22  46.62  364.72  12.00  207.30  0.00  0.00  0.00  0.00  -23.96  321.21  51.32  -96.39  0.00  0.00  0.00  0.00  0.00  0.00  0.00  0.06 
6.50  5.95  1.11  6.15  0.56  6.35  0.00  6.37  0.61  6.80  0.12  6.04  1.85  0.35  0.35  0.71  0.71  -0.13  148.38  416.95  684.58  52.88  93.13  310.93  27.66  148.83  0.00  0.00  0.00  0.00  44.09  136.60  -115.53  62.52  0.00  0.00  0.00  0.00  0.00  0.00  0.00  0.12 
6.55  5.99  1.11  6.17  0.56  6.35  0.00  6.42  0.57  6.85  0.03  6.09  1.85  0.31  0.31  0.67  0.67  -0.12  142.60  247.06  495.08  49.15  144.87  125.34  45.06  35.78  0.00  0.00  0.00  0.00  92.60  20.07  -263.13  214.60  0.00  0.00  0.00  0.00  0.00  0.00  0.00  0.24 
6.60  6.04  1.11  6.22  0.56  6.39  0.00  6.47  0.56  6.89  0.00  6.12  1.86  0.31  0.31  0.66  0.66  -0.10  141.82  565.48  578.44  34.21  417.64  85.26  191.94  22.67  0.00  0.00  0.00  0.00  -69.82  22.67  73.73  -107.93  0.00  0.00  0.00  0.00  0.00  0.00  0.00  0.18 
6.65  6.08  1.11  6.26  0.57  6.43  0.03  6.49  0.56  6.89  0.00  6.14  1.86  0.31  0.31  0.63  0.63  -0.07  140.51  697.34  899.14  12.77  637.18  64.32  294.31  15.94  0.00  0.00  0.00  0.00  -152.56  15.94  67.50  -80.27  0.00  0.00  0.00  0.00  0.24  0.11  0.00  0.40 
6.70  6.13  1.11  6.47  0.71  6.48  0.12  6.51  0.56  6.89  0.00  6.16  1.86  0.71  0.01  0.60  0.60  -0.04  164.13  -293.33  1058.59  -8.36  337.85  72.80  -80.07  18.95  0.00  0.00  0.00  0.00  -164.26  18.95  100.11  -91.75  0.00  0.00  0.00  0.00  0.40  0.20  0.00  0.43 
6.75  6.18  1.11  6.62  0.82  6.57  0.23  6.53  0.56  6.89  0.00  6.20  1.86  0.98  -0.08  0.57  0.57  -0.03  190.91  -460.67  178.43  -22.47  -136.21  69.37  -135.69  18.03  0.00  0.00  0.00  0.00  -36.63  18.03  109.87  -87.40  0.00  0.00  0.00  0.00  0.05  0.01  0.00  0.10 
6.80  6.22  1.11  6.72  0.92  6.70  0.33  6.56  0.56  6.89  0.00  6.24  1.86  1.21  -0.03  0.54  0.54  -0.02  215.68  -340.66  -127.89  -25.08  -292.48  65.79  -85.98  17.07  0.00  0.00  0.00  0.00  42.22  17.07  107.94  -82.86  0.00  0.00  0.00  0.00  0.01  0.00  0.00  0.11 
6.85  6.27  1.11  6.78  0.98  6.86  0.39  6.58  0.56  6.89  0.00  6.29  1.86  1.32  0.13  0.51  0.51  -0.04  227.91  -229.75  -664.20  -15.37  -649.80  62.05  -104.95  16.07  0.00  0.00  0.00  0.00  142.95  16.07  93.49  -78.12  0.00  0.00  0.00  0.00  0.12  0.05  0.00  0.38 
6.90  6.31  1.11  6.82  0.94  7.03  0.39  6.60  0.56  6.89  0.00  6.36  1.86  1.25  0.37  0.48  0.48  -0.06  217.56  -655.19  24.40  3.59  -242.22  58.17  -211.92  15.04  0.00  0.00  0.00  0.00  64.30  15.04  69.62  -73.21  0.00  0.00  0.00  0.00  0.17  0.03  0.00  0.17 
6.95  6.36  1.11  6.77  0.72  7.19  0.33  6.63  0.56  6.89  0.00  6.43  1.86  0.82  0.82  0.45  0.45  -0.09  170.82  15.07  927.35  25.77  275.68  54.14  180.90  13.98  0.00  0.00  0.00  0.00  86.61  13.98  42.35  -68.12  0.00  0.00  0.00  0.00  0.18  0.05  0.00  0.23 
7.00  6.41  1.11  6.86  0.67  7.32  0.23  6.65  0.56  6.89  0.00  6.49  1.85  0.80  0.80  0.41  0.41  -0.12  164.87  315.69  675.43  44.14  290.88  49.99  161.38  12.88  0.00  0.00  0.00  0.00  106.37  12.88  18.73  -62.87  0.00  0.00  0.00  0.00  0.00  0.00  0.00  0.28 
7.05  6.45  1.11  6.93  0.61  7.41  0.12  6.67  0.56  6.89  0.00  6.55  1.85  0.77  0.77  0.38  0.38  -0.13  157.03  65.61  407.64  52.87  56.87  45.70  12.54  11.76  0.00  0.00  0.00  0.00  133.25  11.76  4.59  -57.46  0.00  0.00  0.00  0.00  0.00  0.00  0.00  0.35 
7.10  6.50  1.11  6.98  0.57  7.46  0.03  6.69  0.56  6.89  0.00  6.59  1.85  0.73  0.73  0.34  0.34  -0.12  150.71  161.39  471.47  49.21  107.99  96.38  29.66  28.80  0.00  0.00  0.00  0.00  72.46  28.80  75.98  -125.18  0.00  0.00  0.00  0.00  0.00  0.00  0.00  0.19 
7.15  6.54  1.11  7.00  0.56  7.46  0.00  6.72  0.56  6.89  0.00  6.62  1.86  0.69  0.69  0.31  0.31  -0.10  145.61  653.70  628.88  34.31  127.78  467.62  36.46  208.93  0.00  0.00  0.00  0.00  -236.33  208.93  642.23  -676.55  0.00  0.00  0.00  0.00  0.00  0.00  0.00  0.62 
7.20  6.59  1.11  7.02  0.56  7.46  0.00  6.76  0.57  6.93  0.03  6.64  1.86  0.67  0.67  0.30  0.30  -0.07  144.33  787.50  942.41  12.89  103.25  688.02  28.53  311.50  0.00  0.00  0.00  0.00  -380.96  311.50  986.63  -999.52  0.00  0.00  0.00  0.00  0.00  0.00  0.00  1.00 
7.25  6.63  1.11  7.05  0.56  7.46  0.00  6.98  0.71  6.98  0.12  6.67  1.86  0.64  0.64  0.71  0.00  -0.04  168.12  -297.06  1058.45  -8.25  77.39  335.97  20.18  -83.01  0.00  0.00  0.00  0.00  -106.03  -83.01  261.21  -252.96  0.00  0.00  0.00  0.00  0.00  0.00  0.00  0.28 
7.30  6.68  1.11  7.07  0.56  7.46  0.00  7.12  0.82  7.07  0.23  6.70  1.86  0.61  0.61  0.98  -0.09  -0.03  194.83  -459.77  175.58  -22.42  74.17  -137.75  19.31  -135.42  0.00  0.00  0.00  0.00  14.37  -135.42  -250.75  273.17  0.00  0.00  0.00  0.00  0.00  0.00  0.00  0.04 
7.35  6.73  1.11  7.09  0.56  7.46  0.00  7.22  0.92  7.20  0.33  6.74  1.86  0.59  0.59  1.20  -0.04  -0.02  219.61  -340.51  -124.76  -25.10  70.81  -290.02  18.41  -85.27  0.00  0.00  0.00  0.00  71.26  -85.27  -350.19  375.30  0.00  0.00  0.00  0.00  0.00  0.00  0.00  0.19 
7.40  6.77  1.11  7.12  0.56  7.46  0.00  7.28  0.98  7.36  0.39  6.80  1.86  0.56  0.56  1.32  0.12  -0.04  231.90  -228.48  -672.45  -15.45  67.28  -655.38  17.47  -103.39  0.00  0.00  0.00  0.00  352.14  -103.39  -743.33  758.78  0.00  0.00  0.00  0.00  0.00  0.00  0.00  0.92 
7.45  6.82  1.11  7.14  0.56  7.46  0.00  7.32  0.94  7.53  0.39  6.86  1.86  0.53  0.53  1.25  0.36  -0.06  221.69  -658.38  15.56  3.47  63.61  -245.89  16.49  -213.93  0.00  0.00  0.00  0.00  68.30  -213.93  -463.29  459.82  0.00  0.00  0.00  0.00  0.00  0.00  0.00  0.18 
7.50  6.86  1.11  7.16  0.56  7.46  0.00  7.28  0.72  7.69  0.33  6.93  1.86  0.49  0.49  0.81  0.81  -0.09  174.30  12.32  933.57  25.65  59.79  277.34  15.47  182.00  0.00  0.00  0.00  0.00  -225.74  182.00  433.69  -459.34  0.00  0.00  0.00  0.00  0.00  0.00  0.00  0.59 
7.55  6.91  1.11  7.18  0.56  7.46  0.00  7.36  0.67  7.82  0.23  7.00  1.85  0.46  0.46  0.80  0.80  -0.12  168.25  319.22  677.15  44.06  55.82  293.79  14.42  163.13  0.00  0.00  0.00  0.00  -122.05  163.13  412.87  -456.92  0.00  0.00  0.00  0.00  0.00  0.00  0.00  0.32 
7.60  6.95  1.11  7.21  0.56  7.46  0.00  7.43  0.61  7.91  0.12  7.05  1.85  0.43  0.43  0.76  0.76  -0.13  160.26  40.21  405.28  45.63  53.32  59.04  13.87  13.26  0.00  0.00  0.00  0.00  40.88  13.26  26.68  -72.31  0.00  0.00  0.00  0.00  0.00  0.00  0.00  0.11 
7.65  7.00  1.11  7.23  0.56  7.46  0.00  7.48  0.57  7.96  0.03  7.09  1.85  0.39  0.39  0.73  0.73  -0.12  153.75  46.88  431.59  38.57  50.56  90.19  13.25  23.79  0.00  0.00  0.00  0.00  -2.76  23.79  75.41  -113.98  0.00  0.00  0.00  0.00  0.00  0.00  0.00  0.01 
