0.00  0.00  1.11  0.07  0.59  0.00  0.00  0.24  0.64  0.00  0.10  0.08  1.86  0.14  -0.13  0.47  -0.42  -0.10  117.06  -3.65  409.24  17.55  50.22  33.66  8.08  -25.85  575.84  -15.30  0.00  0.00  -8.66  -25.85  -9.73  -7.82  -3.65  409.24  0.00  0.00 
0.05  0.05  1.11  0.11  0.58  0.01  0.00  0.31  0.65  0.09  0.10  0.10  1.86  0.11  -0.17  0.51  -0.37  -0.07  120.13  -20.09  390.67  7.37  62.76  18.42  13.38  -28.71  576.26  -21.09  0.00  0.00  -32.04  -28.71  -17.66  10.29  -20.09  390.67  0.00  0.00 
0.10  0.10  1.11  0.15  0.58  0.01  0.01  0.37  0.65  0.19  0.09  0.13  1.86  0.09  -0.23  0.53  -0.32  -0.04  122.08  -66.76  372.53  -9.59  81.56  -3.62  18.41  -33.02  575.36  -25.14  0.00  0.00  -73.62  -33.02  -27.05  36.64  -66.76  372.53  0.00  0.00 
0.15  0.15  1.11  0.20  0.58  0.03  0.02  0.42  0.65  0.27  0.08  0.17  1.86  0.09  -0.29  0.53  -0.26  -0.02  122.57  -110.17  375.55  -23.03  87.63  -9.46  15.75  -33.44  0.00  0.00  0.00  0.00  -112.16  -33.44  -19.87  42.90  0.00  0.00  0.00  0.00 
0.20  0.20  1.11  0.26  0.58  0.06  0.03  0.46  0.65  0.34  0.07  0.22  1.86  0.11  -0.35  0.52  -0.20  -0.02  121.86  -117.06  385.66  -24.80  92.08  -10.96  11.68  -32.62  0.00  0.00  0.00  0.00  -117.45  -32.62  -18.78  43.58  0.00  0.00  0.00  0.00 
0.25  0.25  1.11  0.33  0.59  0.09  0.04  0.50  0.64  0.41  0.06  0.28  1.86  0.14  -0.41  0.48  -0.15  -0.04  120.26  -86.66  398.59  -14.33  93.66  -8.80  6.18  -30.10  0.00  0.00  0.00  0.00  -87.24  -30.10  -24.57  38.90  0.00  0.00  0.00  0.00 
0.30  0.30  1.11  0.40  0.59  0.14  0.06  0.52  0.63  0.46  0.04  0.35  1.86  0.18  -0.45  0.43  -0.11  -0.06  117.90  -29.70  415.62  5.05  91.11  -3.57  -0.57  -25.59  0.00  0.00  0.00  0.00  -29.70  -25.59  -34.21  29.16  0.00  0.00  0.00  0.00 
0.35  0.35  1.11  0.48  0.59  0.21  0.07  0.55  0.62  0.49  0.03  0.42  1.86  0.24  -0.48  0.38  -0.09  -0.09  115.14  35.15  437.08  27.20  83.78  4.49  -8.01  -19.08  0.00  0.00  0.00  0.00  38.46  -19.08  -41.79  14.60  0.00  0.00  0.00  0.00 
0.40  0.40  1.11  0.56  0.60  0.28  0.08  0.57  0.61  0.52  0.02  0.49  1.85  0.30  -0.49  0.31  -0.08  -0.12  112.89  87.80  455.77  45.07  71.77  15.62  -15.29  -10.79  0.00  0.00  0.00  0.00  96.53  -10.79  -40.24  -4.83  0.00  0.00  0.00  0.00 
0.45  0.45  1.11  0.64  0.61  0.36  0.09  0.58  0.60  0.54  0.01  0.55  1.85  0.36  -0.49  0.25  -0.08  -0.13  112.28  113.77  459.67  53.02  56.06  30.06  -21.59  -1.17  0.00  0.00  571.79  4.85  126.14  -1.17  -24.13  -28.89  0.00  0.00  113.77  459.67 
0.50  0.50  1.11  0.72  0.63  0.45  0.10  0.60  0.59  0.55  0.00  0.60  1.85  0.42  -0.46  0.19  -0.10  -0.12  113.80  106.19  442.52  48.53  38.44  46.65  -26.40  8.53  0.00  0.00  574.26  -7.53  118.18  8.53  6.66  -55.18  0.00  0.00  106.19  442.52 
0.55  0.55  1.11  0.79  0.64  0.55  0.10  0.63  0.59  0.55  0.00  0.63  1.86  0.47  -0.43  0.14  -0.13  -0.10  116.79  65.19  411.84  33.01  21.21  62.21  -29.72  15.98  0.00  0.00  575.87  -16.44  77.78  15.98  45.17  -78.18  0.00  0.00  65.19  411.84 
0.60  0.60  1.11  0.86  0.65  0.64  0.10  0.66  0.58  0.56  0.00  0.66  1.86  0.51  -0.38  0.10  -0.18  -0.07  119.87  0.94  384.51  11.39  6.57  73.85  -31.86  19.33  0.00  0.00  576.30  -22.32  22.25  19.33  81.79  -93.18  0.00  0.00  0.94  384.51 
0.65  0.65  1.11  0.92  0.65  0.74  0.09  0.70  0.58  0.56  0.01  0.69  1.86  0.53  -0.32  0.09  -0.23  -0.04  121.85  -64.99  372.55  -9.49  -3.96  81.74  -33.15  18.91  0.00  0.00  575.40  -26.43  -28.61  18.91  110.13  -100.64  0.00  0.00  -64.99  372.55 
0.70  0.71  1.11  0.97  0.65  0.82  0.08  0.75  0.58  0.58  0.02  0.72  1.86  0.53  -0.26  0.09  -0.29  -0.02  122.37  -108.91  375.31  -22.99  -9.85  87.58  -33.58  16.17  0.00  0.00  0.00  0.00  -60.41  16.17  126.74  -103.75  0.00  0.00  0.00  0.00 
0.75  0.76  1.11  1.02  0.65  0.89  0.07  0.81  0.58  0.61  0.03  0.77  1.86  0.51  -0.21  0.10  -0.35  -0.02  121.68  -116.50  385.30  -24.83  -11.41  91.75  -32.80  11.94  0.00  0.00  0.00  0.00  -65.35  11.94  128.52  -103.69  0.00  0.00  0.00  0.00 
0.80  0.81  1.11  1.05  0.64  0.96  0.06  0.88  0.58  0.64  0.04  0.83  1.86  0.48  -0.16  0.13  -0.41  -0.04  120.10  -86.72  398.16  -14.42  -9.32  93.17  -30.35  6.32  0.00  0.00  0.00  0.00  -41.52  6.32  113.90  -99.48  0.00  0.00  0.00  0.00 
0.85  0.86  1.11  1.08  0.63  1.01  0.04  0.95  0.59  0.69  0.06  0.90  1.86  0.43  -0.12  0.18  -0.45  -0.06  117.74  -30.23  415.17  4.93  -4.22  90.57  -25.95  -0.52  0.00  0.00  0.00  0.00  5.53  -0.52  85.13  -90.06  0.00  0.00  0.00  0.00 
0.90  0.91  1.11  1.10  0.62  1.04  0.03  1.03  0.59  0.76  0.07  0.98  1.86  0.37  -0.09  0.23  -0.48  -0.09  114.97  34.22  436.68  27.08  3.63  83.28  -19.61  -8.01  0.00  0.00  0.00  0.00  61.22  -8.01  48.19  -75.27  0.00  0.00  0.00  0.00 
0.95  0.96  1.11  1.12  0.61  1.07  0.02  1.11  0.60  0.83  0.08  1.04  1.85  0.31  -0.08  0.29  -0.49  -0.12  112.70  86.50  455.59  45.00  14.47  71.34  -11.51  -15.34  0.00  0.00  0.00  0.00  105.29  -15.34  11.01  -56.01  0.00  0.00  0.00  0.00 
1.00  1.01  1.11  1.14  0.60  1.09  0.01  1.19  0.61  0.91  0.09  1.10  1.85  0.25  -0.08  0.35  -0.49  -0.13  112.06  112.28  459.90  53.01  28.66  55.70  -2.01  -21.67  571.80  3.86  0.00  0.00  120.57  -21.67  -18.98  -34.03  112.28  459.90  0.00  0.00 
1.05  1.06  1.11  1.16  0.59  1.10  0.00  1.27  0.62  1.00  0.10  1.15  1.85  0.18  -0.10  0.41  -0.47  -0.12  113.54  105.18  443.18  48.58  45.38  38.13  7.84  -26.52  574.28  -8.59  0.00  0.00  100.67  -26.52  -36.97  -11.62  105.18  443.18  0.00  0.00 
1.10  1.11  1.11  1.18  0.58  1.10  0.00  1.35  0.64  1.10  0.10  1.18  1.86  0.13  -0.13  0.46  -0.43  -0.10  116.53  65.44  412.59  33.12  61.55  20.92  15.77  -29.85  575.90  -17.60  0.00  0.00  51.36  -29.85  -42.05  8.93  65.44  412.59  0.00  0.00 
1.15  1.16  1.11  1.21  0.58  1.11  0.00  1.41  0.65  1.19  0.10  1.21  1.86  0.10  -0.18  0.50  -0.38  -0.07  119.62  2.42  384.93  11.52  73.84  6.26  19.64  -31.99  576.33  -23.56  0.00  0.00  -12.78  -31.99  -37.24  25.73  2.42  384.93  0.00  0.00 
1.20  1.21  1.11  1.25  0.58  1.11  0.01  1.47  0.65  1.29  0.09  1.24  1.86  0.08  -0.23  0.52  -0.33  -0.04  121.63  -63.20  372.56  -9.39  81.92  -4.31  19.42  -33.28  575.44  -27.73  0.00  0.00  -73.15  -33.28  -28.20  37.59  -63.20  372.56  0.00  0.00 
1.25  1.26  1.11  1.30  0.58  1.13  0.02  1.53  0.65  1.37  0.08  1.28  1.86  0.08  -0.29  0.53  -0.27  -0.02  122.17  -107.63  375.06  -22.94  87.53  -10.26  16.60  -33.72  0.00  0.00  0.00  0.00  -112.09  -33.72  -21.03  43.98  0.00  0.00  0.00  0.00 
1.30  1.31  1.11  1.36  0.58  1.16  0.03  1.57  0.65  1.44  0.07  1.33  1.86  0.10  -0.35  0.51  -0.21  -0.02  121.51  -115.96  384.92  -24.85  91.41  -11.86  12.21  -32.97  0.00  0.00  0.00  0.00  -117.78  -32.97  -19.99  44.84  0.00  0.00  0.00  0.00 
1.35  1.36  1.11  1.43  0.58  1.19  0.04  1.60  0.64  1.51  0.06  1.39  1.86  0.13  -0.41  0.48  -0.16  -0.04  119.93  -86.80  397.73  -14.51  92.66  -9.85  6.46  -30.59  0.00  0.00  0.00  0.00  -87.87  -30.59  -25.94  40.44  0.00  0.00  0.00  0.00 
1.40  1.41  1.11  1.50  0.59  1.24  0.06  1.63  0.63  1.56  0.04  1.46  1.86  0.17  -0.45  0.43  -0.13  -0.06  117.57  -30.77  414.72  4.81  90.02  -4.87  -0.46  -26.31  0.00  0.00  0.00  0.00  -30.39  -26.31  -36.00  31.18  0.00  0.00  0.00  0.00 
1.45  1.46  1.11  1.58  0.59  1.30  0.07  1.65  0.62  1.60  0.03  1.53  1.86  0.22  -0.48  0.37  -0.10  -0.09  114.79  33.29  436.29  26.96  82.76  2.77  -8.01  -20.13  0.00  0.00  0.00  0.00  38.06  -20.13  -44.33  17.37  0.00  0.00  0.00  0.00 
1.50  1.51  1.11  1.66  0.60  1.38  0.08  1.67  0.61  1.62  0.02  1.60  1.85  0.29  -0.50  0.31  -0.09  -0.12  112.50  85.20  455.42  44.92  70.90  13.32  -15.38  -12.22  0.00  0.00  0.00  0.00  96.85  -12.22  -43.83  -1.09  0.00  0.00  0.00  0.00 
1.55  1.56  1.11  1.74  0.61  1.46  0.09  1.69  0.60  1.64  0.01  1.66  1.85  0.35  -0.49  0.24  -0.09  -0.13  111.83  110.80  460.13  53.00  55.34  27.27  -21.76  -2.84  0.00  0.00  571.82  2.86  127.41  -2.84  -28.57  -24.43  0.00  0.00  110.80  460.13 
1.60  1.61  1.11  1.82  0.62  1.55  0.10  1.71  0.59  1.65  0.00  1.70  1.85  0.41  -0.47  0.18  -0.11  -0.12  113.29  104.15  443.85  48.64  37.82  44.10  -26.63  7.15  0.00  0.00  574.31  -9.65  120.05  7.15  2.61  -51.25  0.00  0.00  104.15  443.85 
1.65  1.66  1.11  1.90  0.64  1.65  0.10  1.73  0.58  1.65  0.00  1.74  1.86  0.46  -0.43  0.13  -0.14  -0.10  116.27  65.66  413.35  33.23  20.62  60.86  -29.97  15.55  0.00  0.00  575.93  -18.76  79.31  15.55  43.18  -76.41  0.00  0.00  65.66  413.35 
1.70  1.71  1.11  1.97  0.64  1.74  0.10  1.76  0.58  1.66  0.00  1.77  1.86  0.50  -0.39  0.09  -0.18  -0.07  119.37  3.91  385.34  11.64  5.94  73.82  -32.12  19.94  0.00  0.00  576.37  -24.81  22.82  19.94  82.13  -93.77  0.00  0.00  3.91  385.34 
1.75  1.76  1.11  2.03  0.65  1.84  0.09  1.80  0.58  1.66  0.01  1.80  1.86  0.52  -0.33  0.08  -0.24  -0.04  121.40  -61.37  372.55  -9.28  -4.67  82.11  -33.41  19.95  0.00  0.00  575.48  -29.03  -28.61  19.95  111.34  -102.05  0.00  0.00  -61.37  372.55 
1.80  1.81  1.11  2.08  0.65  1.92  0.08  1.85  0.58  1.68  0.02  1.83  1.86  0.52  -0.27  0.07  -0.30  -0.02  121.97  -106.32  374.79  -22.90  -10.67  87.49  -33.86  17.05  0.00  0.00  0.00  0.00  -60.35  17.05  127.44  -104.54  0.00  0.00  0.00  0.00 
1.85  1.86  1.11  2.12  0.65  1.99  0.07  1.91  0.58  1.71  0.03  1.88  1.86  0.51  -0.22  0.09  -0.36  -0.02  121.33  -115.42  384.54  -24.88  -12.33  91.07  -33.15  12.48  0.00  0.00  0.00  0.00  -65.02  12.48  128.42  -103.55  0.00  0.00  0.00  0.00 
1.90  1.91  1.11  2.16  0.64  2.06  0.06  1.98  0.58  1.74  0.04  1.94  1.86  0.48  -0.17  0.12  -0.41  -0.04  119.76  -86.89  397.30  -14.59  -10.39  92.13  -30.84  6.60  0.00  0.00  0.00  0.00  -41.02  6.60  113.32  -98.73  0.00  0.00  0.00  0.00 
1.95  1.96  1.11  2.18  0.63  2.11  0.04  2.05  0.59  1.79  0.06  2.01  1.86  0.43  -0.13  0.16  -0.45  -0.06  117.41  -31.34  414.27  4.69  -5.54  89.45  -26.67  -0.41  0.00  0.00  0.00  0.00  6.14  -0.41  84.35  -89.04  0.00  0.00  0.00  0.00 
2.00  2.01  1.11  2.21  0.62  2.15  0.03  2.13  0.59  1.85  0.07  2.08  1.86  0.37  -0.11  0.22  -0.48  -0.09  114.62  32.34  435.91  26.84  1.90  82.23  -20.65  -8.02  0.00  0.00  0.00  0.00  61.98  -8.02  47.37  -74.21  0.00  0.00  0.00  0.00 
2.05  2.06  1.11  2.23  0.60  2.17  0.02  2.21  0.60  1.93  0.08  2.15  1.85  0.31  -0.09  0.28  -0.50  -0.12  112.30  83.91  455.26  44.84  12.16  70.44  -12.92  -15.43  0.00  0.00  0.00  0.00  106.29  -15.43  10.17  -55.01  0.00  0.00  0.00  0.00 
2.10  2.12  1.11  2.24  0.60  2.19  0.01  2.29  0.61  2.01  0.09  2.21  1.85  0.24  -0.09  0.34  -0.50  -0.13  111.60  109.34  460.38  52.99  25.87  54.96  -3.66  -21.85  571.84  1.85  0.00  0.00  121.82  -21.85  -19.87  -33.11  109.34  460.38  0.00  0.00 
2.15  2.17  1.11  2.26  0.59  2.20  0.00  2.37  0.62  2.10  0.10  2.26  1.85  0.18  -0.11  0.40  -0.47  -0.12  113.03  103.12  444.53  48.70  42.79  37.49  6.46  -26.75  574.33  -10.73  0.00  0.00  101.98  -26.75  -37.96  -10.74  103.12  444.53  0.00  0.00 
2.20  2.22  1.11  2.28  0.58  2.20  0.00  2.45  0.63  2.20  0.10  2.29  1.86  0.13  -0.14  0.46  -0.44  -0.10  116.00  65.86  414.12  33.34  60.15  20.31  15.33  -30.10  575.96  -19.92  0.00  0.00  52.50  -30.10  -43.14  9.80  65.86  414.12  0.00  0.00 
2.25  2.27  1.11  2.31  0.58  2.21  0.00  2.52  0.64  2.29  0.10  2.32  1.86  0.09  -0.18  0.50  -0.39  -0.07  119.12  5.40  385.76  11.77  73.80  5.61  20.26  -32.25  576.40  -26.06  0.00  0.00  -11.95  -32.25  -38.41  26.64  5.40  385.76  0.00  0.00 
2.30  2.32  1.11  2.35  0.58  2.21  0.01  2.58  0.65  2.39  0.09  2.35  1.86  0.07  -0.24  0.52  -0.33  -0.04  121.18  -59.50  372.53  -9.18  82.31  -5.04  20.50  -33.54  575.52  -30.35  0.00  0.00  -72.68  -33.54  -29.40  38.58  -59.50  372.53  0.00  0.00 
2.35  2.37  1.11  2.40  0.58  2.23  0.02  2.63  0.65  2.47  0.08  2.39  1.86  0.07  -0.30  0.52  -0.28  -0.02  121.77  -104.99  374.51  -22.85  87.45  -11.09  17.51  -34.00  0.00  0.00  0.00  0.00  -112.00  -34.00  -22.24  45.09  0.00  0.00  0.00  0.00 
2.40  2.42  1.11  2.46  0.58  2.26  0.03  2.67  0.65  2.54  0.07  2.43  1.86  0.08  -0.36  0.51  -0.22  -0.02  121.15  -114.88  384.15  -24.90  90.71  -12.81  12.76  -33.33  0.00  0.00  0.00  0.00  -118.09  -33.33  -21.24  46.14  0.00  0.00  0.00  0.00 
2.45  2.47  1.11  2.53  0.58  2.29  0.04  2.71  0.64  2.61  0.06  2.49  1.86  0.11  -0.41  0.47  -0.17  -0.04  119.60  -87.01  396.86  -14.68  91.58  -10.95  6.74  -31.09  0.00  0.00  0.00  0.00  -88.47  -31.09  -27.36  42.04  0.00  0.00  0.00  0.00 
2.50  2.52  1.11  2.60  0.59  2.34  0.06  2.74  0.63  2.66  0.04  2.56  1.86  0.16  -0.46  0.43  -0.14  -0.06  117.24  -31.92  413.83  4.57  88.86  -6.22  -0.36  -27.03  0.00  0.00  0.00  0.00  -31.05  -27.03  -37.82  33.25  0.00  0.00  0.00  0.00 
2.55  2.57  1.11  2.68  0.59  2.40  0.07  2.76  0.62  2.70  0.03  2.64  1.86  0.21  -0.49  0.37  -0.11  -0.09  114.44  31.38  435.54  26.72  81.68  1.02  -8.03  -21.16  0.00  0.00  0.00  0.00  37.68  -21.16  -46.87  20.15  0.00  0.00  0.00  0.00 
2.60  2.62  1.11  2.76  0.60  2.48  0.08  2.78  0.60  2.72  0.02  2.71  1.85  0.27  -0.50  0.31  -0.10  -0.12  112.10  82.62  455.10  44.76  69.97  11.00  -15.48  -13.61  0.00  0.00  0.00  0.00  97.15  -13.61  -47.37  2.61  0.00  0.00  0.00  0.00 
2.65  2.67  1.11  2.85  0.61  2.56  0.09  2.80  0.60  2.74  0.01  2.77  1.85  0.34  -0.50  0.24  -0.10  -0.13  111.37  107.88  460.63  52.97  54.57  24.46  -21.93  -4.47  0.00  0.00  571.86  0.84  128.67  -4.47  -32.98  -20.00  0.00  0.00  107.88  460.63 
2.70  2.72  1.11  2.93  0.62  2.65  0.10  2.81  0.59  2.75  0.00  2.81  1.85  0.40  -0.48  0.18  -0.11  -0.12  112.78  102.06  445.21  48.76  37.16  41.47  -26.86  5.77  0.00  0.00  574.35  -11.80  121.96  5.77  -1.52  -47.24  0.00  0.00  102.06  445.21 
2.75  2.77  1.11  3.00  0.63  2.75  0.10  2.84  0.58  2.75  0.00  2.85  1.86  0.45  -0.44  0.12  -0.14  -0.10  115.74  66.04  414.90  33.45  19.99  59.41  -30.24  15.11  0.00  0.00  575.98  -21.09  80.91  15.11  41.07  -74.52  0.00  0.00  66.04  414.90 
2.80  2.82  1.11  3.07  0.64  2.84  0.10  2.86  0.58  2.76  0.00  2.87  1.86  0.49  -0.39  0.08  -0.18  -0.07  118.87  6.91  386.17  11.89  5.28  73.77  -32.39  20.59  0.00  0.00  576.43  -27.33  23.41  20.59  82.47  -94.36  0.00  0.00  6.91  386.17 
2.85  2.87  1.11  3.13  0.65  2.93  0.09  2.90  0.58  2.77  0.01  2.90  1.86  0.51  -0.34  0.06  -0.24  -0.04  120.96  -57.59  372.48  -9.08  -5.42  82.52  -33.67  21.08  0.00  0.00  575.55  -31.66  -28.68  21.08  112.68  -103.60  0.00  0.00  -57.59  372.48 
2.90  2.92  1.11  3.18  0.65  3.02  0.08  2.95  0.58  2.78  0.02  2.94  1.86  0.52  -0.28  0.06  -0.30  -0.03  121.58  -103.63  374.20  -22.80  -11.52  87.43  -34.15  18.00  0.00  0.00  0.00  0.00  -60.34  18.00  128.23  -105.42  0.00  0.00  0.00  0.00 
2.95  2.97  1.11  3.23  0.65  3.09  0.07  3.01  0.58  2.81  0.03  2.99  1.86  0.50  -0.23  0.08  -0.36  -0.02  120.97  -114.35  383.75  -24.92  -13.30  90.34  -33.51  13.05  0.00  0.00  0.00  0.00  -64.70  13.05  128.32  -103.39  0.00  0.00  0.00  0.00 
3.00  3.02  1.11  3.26  0.64  3.16  0.06  3.08  0.58  2.84  0.04  3.05  1.86  0.47  -0.18  0.11  -0.41  -0.04  119.43  -87.14  396.43  -14.77  -11.52  91.02  -31.34  6.88  0.00  0.00  0.00  0.00  -40.49  6.88  112.66  -97.90  0.00  0.00  0.00  0.00 
3.05  3.07  1.11  3.29  0.63  3.21  0.04  3.15  0.59  2.89  0.06  3.12  1.86  0.43  -0.14  0.15  -0.46  -0.06  117.08  -32.53  413.40  4.44  -6.92  88.25  -27.39  -0.31  0.00  0.00  0.00  0.00  6.78  -0.31  83.50  -87.94  0.00  0.00  0.00  0.00 
3.10  3.12  1.11  3.31  0.62  3.25  0.03  3.23  0.59  2.95  0.07  3.19  1.86  0.37  -0.12  0.21  -0.49  -0.09  114.26  30.42  435.18  26.61  0.13  81.11  -21.67  -8.03  0.00  0.00  0.00  0.00  62.76  -8.03  46.47  -73.08  0.00  0.00  0.00  0.00 
3.15  3.17  1.11  3.33  0.60  3.27  0.02  3.31  0.60  3.03  0.08  3.26  1.85  0.31  -0.10  0.27  -0.50  -0.12  111.90  81.34  454.96  44.69  9.84  69.49  -14.29  -15.54  0.00  0.00  0.00  0.00  107.30  -15.54  9.27  -53.95  0.00  0.00  0.00  0.00 
3.20  3.22  1.11  3.35  0.60  3.29  0.01  3.40  0.61  3.11  0.09  3.32  1.85  0.24  -0.10  0.33  -0.50  -0.13  111.14  106.42  460.88  52.96  23.05  54.16  -5.27  -22.02  571.88  -0.17  0.00  0.00  123.06  -22.02  -20.82  -32.14  106.42  460.88  0.00  0.00 
3.25  3.27  1.11  3.37  0.59  3.30  0.00  3.48  0.62  3.20  0.10  3.37  1.85  0.17  -0.12  0.39  -0.48  -0.12  112.52  100.99  445.90  48.82  40.12  36.81  5.08  -26.98  574.37  -12.89  0.00  0.00  103.30  -26.98  -38.98  -9.83  100.99  445.90  0.00  0.00 
3.30  3.32  1.11  3.39  0.58  3.30  0.00  3.55  0.63  3.30  0.10  3.40  1.86  0.12  -0.15  0.45  -0.45  -0.10  115.48  66.19  415.69  33.56  58.64  19.66  14.88  -30.37  576.01  -22.27  0.00  0.00  53.65  -30.37  -44.26  10.70  66.19  415.69  0.00  0.00 
3.35  3.37  1.11  3.42  0.58  3.31  0.00  3.62  0.64  3.39  0.10  3.43  1.86  0.08  -0.19  0.49  -0.40  -0.07  118.62  8.44  386.57  12.02  73.74  4.94  20.93  -32.52  576.46  -28.59  0.00  0.00  -11.12  -32.52  -39.60  27.59  8.44  386.57  0.00  0.00 
3.40  3.42  1.11  3.46  0.58  3.32  0.01  3.68  0.65  3.48  0.09  3.46  1.86  0.06  -0.24  0.51  -0.34  -0.04  120.73  -55.62  372.41  -8.98  82.76  -5.80  21.68  -33.81  575.58  -32.99  0.00  0.00  -72.21  -33.81  -30.64  39.61  -55.62  372.41  0.00  0.00 
3.45  3.47  1.11  3.50  0.58  3.33  0.02  3.74  0.65  3.57  0.08  3.49  1.86  0.06  -0.30  0.52  -0.29  -0.03  121.38  -102.24  373.88  -22.76  87.41  -11.95  18.50  -34.30  0.00  0.00  0.00  0.00  -111.91  -34.30  -23.49  46.25  0.00  0.00  0.00  0.00 
3.50  3.53  1.11  3.56  0.58  3.36  0.03  3.78  0.65  3.64  0.07  3.54  1.86  0.07  -0.36  0.50  -0.23  -0.02  120.80  -113.81  383.34  -24.95  89.96  -13.80  13.35  -33.69  0.00  0.00  0.00  0.00  -118.37  -33.69  -22.54  47.49  0.00  0.00  0.00  0.00 
3.55  3.58  1.11  3.63  0.58  3.39  0.04  3.82  0.64  3.71  0.06  3.60  1.86  0.10  -0.41  0.47  -0.18  -0.04  119.26  -87.30  396.00  -14.85  90.43  -12.10  7.02  -31.59  0.00  0.00  0.00  0.00  -89.03  -31.59  -28.84  43.69  0.00  0.00  0.00  0.00 
3.60  3.63  1.11  3.70  0.59  3.44  0.06  3.84  0.63  3.76  0.04  3.67  1.86  0.15  -0.46  0.42  -0.15  -0.06  116.91  -33.16  412.96  4.32  87.61  -7.62  -0.26  -27.74  0.00  0.00  0.00  0.00  -31.69  -27.74  -39.69  35.36  0.00  0.00  0.00  0.00 
3.65  3.68  1.11  3.78  0.59  3.50  0.07  3.87  0.62  3.80  0.03  3.75  1.86  0.20  -0.49  0.37  -0.12  -0.09  114.09  29.44  434.82  26.49  80.53  -0.77  -8.04  -22.17  0.00  0.00  0.00  0.00  37.31  -22.17  -49.43  22.94  0.00  0.00  0.00  0.00 
3.70  3.73  1.11  3.86  0.60  3.58  0.08  3.89  0.60  3.82  0.02  3.81  1.85  0.26  -0.51  0.30  -0.11  -0.12  111.71  80.06  454.83  44.61  68.99  8.68  -15.59  -14.97  0.00  0.00  0.00  0.00  97.44  -14.97  -50.90  6.29  0.00  0.00  0.00  0.00 
3.75  3.78  1.11  3.95  0.61  3.66  0.09  3.90  0.59  3.84  0.01  3.87  1.85  0.33  -0.50  0.24  -0.11  -0.13  110.91  104.97  461.15  52.95  53.75  21.63  -22.11  -6.07  0.00  0.00  571.90  -1.19  129.91  -6.07  -37.38  -15.57  0.00  0.00  104.97  461.15 
3.80  3.83  1.11  4.03  0.62  3.75  0.10  3.92  0.59  3.85  0.00  3.92  1.85  0.39  -0.49  0.17  -0.12  -0.12  112.27  99.89  446.60  48.87  36.46  38.74  -27.10  4.38  0.00  0.00  574.40  -13.98  123.90  4.38  -5.75  -43.12  0.00  0.00  99.89  446.60 
3.85  3.88  1.11  4.10  0.63  3.85  0.10  3.94  0.58  3.85  0.00  3.95  1.86  0.44  -0.45  0.12  -0.15  -0.10  115.21  66.32  416.50  33.67  19.33  57.84  -30.50  14.64  0.00  0.00  576.04  -23.45  82.58  14.64  38.81  -72.48  0.00  0.00  66.32  416.50 
3.90  3.93  1.11  4.17  0.64  3.94  0.10  3.97  0.58  3.86  0.00  3.98  1.86  0.48  -0.40  0.07  -0.19  -0.07  118.38  9.99  386.98  12.14  4.59  73.70  -32.66  21.29  0.00  0.00  576.49  -29.87  23.99  21.29  82.85  -94.99  0.00  0.00  9.99  386.98 
3.95  3.98  1.11  4.24  0.65  4.03  0.09  4.01  0.58  3.87  0.01  4.01  1.86  0.51  -0.35  0.05  -0.24  -0.04  120.52  -53.60  372.32  -8.87  -6.19  83.02  -33.95  22.31  0.00  0.00  575.62  -34.33  -28.84  22.31  114.20  -105.33  0.00  0.00  -53.60  372.32 
4.00  4.03  1.11  4.29  0.65  4.12  0.08  4.05  0.58  3.88  0.02  4.05  1.86  0.51  -0.29  0.05  -0.30  -0.03  121.19  -100.80  373.54  -22.71  -12.40  87.40  -34.44  19.03  0.00  0.00  0.00  0.00  -60.40  19.03  129.14  -106.43  0.00  0.00  0.00  0.00 
4.05  4.08  1.11  4.33  0.64  4.19  0.07  4.11  0.58  3.91  0.03  4.10  1.86  0.50  -0.24  0.06  -0.36  -0.02  120.63  -113.29  382.93  -24.97  -14.31  89.57  -33.87  13.65  0.00  0.00  0.00  0.00  -64.37  13.65  128.19  -103.22  0.00  0.00  0.00  0.00 
4.10  4.13  1.11  4.37  0.64  4.26  0.06  4.18  0.58  3.94  0.04  4.16  1.86  0.47  -0.19  0.10  -0.41  -0.04  119.10  -87.48  395.57  -14.94  -12.70  89.82  -31.84  7.16  0.00  0.00  0.00  0.00  -39.93  7.16  111.92  -96.98  0.00  0.00  0.00  0.00 
4.15  4.18  1.11  4.40  0.63  4.31  0.04  4.25  0.59  3.99  0.06  4.23  1.86  0.42  -0.15  0.14  -0.46  -0.06  116.75  -33.82  412.54  4.20  -8.33  86.96  -28.10  -0.22  0.00  0.00  0.00  0.00  7.45  -0.22  82.54  -86.74  0.00  0.00  0.00  0.00 
4.20  4.23  1.11  4.42  0.62  4.35  0.03  4.33  0.59  4.05  0.07  4.30  1.86  0.37  -0.13  0.20  -0.49  -0.09  113.91  28.44  434.47  26.37  -1.67  79.92  -22.67  -8.06  0.00  0.00  0.00  0.00  63.56  -8.06  45.50  -71.87  0.00  0.00  0.00  0.00 
4.25  4.28  1.11  4.44  0.60  4.37  0.02  4.42  0.60  4.13  0.08  4.37  1.85  0.30  -0.11  0.26  -0.51  -0.12  111.51  78.77  454.70  44.53  7.51  68.47  -15.63  -15.64  0.00  0.00  0.00  0.00  108.31  -15.64  8.30  -52.83  0.00  0.00  0.00  0.00 
4.30  4.33  1.11  4.45  0.59  4.39  0.01  4.50  0.61  4.21  0.09  4.43  1.85  0.23  -0.11  0.32  -0.51  -0.13  110.68  103.50  461.42  52.94  20.20  53.32  -6.86  -22.20  571.92  -2.22  0.00  0.00  124.30  -22.20  -21.82  -31.12  103.50  461.42  0.00  0.00 
4.35  4.38  1.11  4.47  0.59  4.40  0.00  4.58  0.62  4.30  0.10  4.47  1.85  0.17  -0.13  0.38  -0.49  -0.12  112.02  98.77  447.32  48.93  37.33  36.09  3.68  -27.22  574.42  -15.07  0.00  0.00  104.62  -27.22  -40.06  -8.87  98.77  447.32  0.00  0.00 
4.40  4.43  1.11  4.49  0.58  4.40  0.00  4.66  0.63  4.40  0.10  4.51  1.86  0.11  -0.15  0.44  -0.45  -0.10  114.95  66.41  417.32  33.77  57.00  18.99  14.40  -30.63  576.06  -24.64  0.00  0.00  54.80  -30.63  -45.42  11.65  66.41  417.32  0.00  0.00 
4.45  4.48  1.11  4.52  0.58  4.41  0.00  4.73  0.64  4.49  0.10  4.54  1.86  0.07  -0.19  0.48  -0.41  -0.07  118.13  11.57  387.38  12.27  73.67  4.23  21.66  -32.80  576.51  -31.15  0.00  0.00  -10.31  -32.80  -40.84  28.57  11.57  387.38  0.00  0.00 
4.50  4.53  1.11  4.56  0.58  4.42  0.01  4.79  0.65  4.58  0.09  4.57  1.86  0.05  -0.24  0.50  -0.35  -0.04  120.30  -51.50  372.21  -8.77  83.30  -6.59  22.98  -34.09  575.64  -35.67  0.00  0.00  -71.76  -34.09  -31.91  40.68  -51.50  372.21  0.00  0.00 
4.55  4.58  1.11  4.61  0.58  4.43  0.02  4.84  0.65  4.67  0.08  4.60  1.86  0.04  -0.30  0.51  -0.30  -0.03  121.00  -99.33  373.18  -22.66  87.40  -12.86  19.58  -34.59  0.00  0.00  0.00  0.00  -111.82  -34.59  -24.79  47.45  0.00  0.00  0.00  0.00 
4.60  4.63  1.11  4.66  0.58  4.46  0.03  4.89  0.64  4.74  0.07  4.65  1.86  0.06  -0.36  0.50  -0.24  -0.02  120.46  -112.76  382.51  -24.99  89.16  -14.83  13.96  -34.06  0.00  0.00  0.00  0.00  -118.63  -34.06  -23.90  48.89  0.00  0.00  0.00  0.00 
4.65  4.68  1.11  4.73  0.58  4.49  0.04  4.92  0.64  4.81  0.06  4.71  1.86  0.09  -0.42  0.47  -0.20  -0.04  118.94  -87.69  395.14  -15.03  89.19  -13.30  7.29  -32.09  0.00  0.00  0.00  0.00  -89.57  -32.09  -30.36  45.39  0.00  0.00  0.00  0.00 
4.70  4.73  1.11  4.80  0.58  4.54  0.06  4.95  0.63  4.86  0.04  4.78  1.86  0.13  -0.46  0.42  -0.16  -0.06  116.58  -34.50  412.12  4.08  86.28  -9.06  -0.17  -28.45  0.00  0.00  0.00  0.00  -32.30  -28.45  -41.59  37.51  0.00  0.00  0.00  0.00 
4.75  4.78  1.11  4.88  0.59  4.60  0.07  4.97  0.61  4.90  0.03  4.85  1.86  0.19  -0.49  0.36  -0.13  -0.09  113.74  27.43  434.13  26.25  79.30  -2.58  -8.07  -23.16  0.00  0.00  0.00  0.00  36.94  -23.16  -51.99  25.75  0.00  0.00  0.00  0.00 
4.80  4.83  1.11  4.97  0.60  4.68  0.08  4.99  0.60  4.92  0.02  4.92  1.85  0.25  -0.51  0.30  -0.12  -0.12  111.31  77.48  454.59  44.45  67.94  6.33  -15.70  -16.29  0.00  0.00  0.00  0.00  97.72  -16.29  -54.41  9.96  0.00  0.00  0.00  0.00 
4.85  4.88  1.11  5.05  0.61  4.76  0.09  5.01  0.59  4.94  0.01  4.98  1.85  0.32  -0.51  0.23  -0.12  -0.13  110.45  102.03  461.70  52.92  52.88  18.76  -22.29  -7.65  0.00  0.00  571.94  -3.25  131.15  -7.65  -41.81  -11.11  0.00  0.00  102.03  461.70 
4.90  4.94  1.11  5.13  0.62  4.85  0.10  5.02  0.59  4.95  0.00  5.03  1.85  0.38  -0.49  0.17  -0.13  -0.12  111.76  97.61  448.04  48.99  35.71  35.89  -27.33  2.97  0.00  0.00  574.45  -16.17  125.90  2.97  -10.13  -38.86  0.00  0.00  97.61  448.04 
4.95  4.99  1.11  5.21  0.63  4.95  0.10  5.04  0.58  4.95  0.00  5.06  1.86  0.43  -0.46  0.11  -0.15  -0.10  114.69  66.47  418.16  33.88  18.63  56.13  -30.77  14.15  0.00  0.00  576.09  -25.83  84.34  14.15  36.40  -70.28  0.00  0.00  66.47  418.16 
5.00  5.04  1.11  5.28  0.64  5.04  0.10  5.07  0.58  4.96  0.00  5.09  1.86  0.48  -0.41  0.06  -0.19  -0.07  117.89  13.18  387.78  12.39  3.86  73.64  -32.94  22.04  0.00  0.00  576.54  -32.44  24.56  22.04  83.29  -95.68  0.00  0.00  13.18  387.78 
5.05  5.09  1.11  5.34  0.65  5.13  0.09  5.11  0.58  4.97  0.01  5.12  1.86  0.50  -0.36  0.04  -0.24  -0.04  120.09  -49.32  372.06  -8.67  -7.00  83.62  -34.23  23.68  0.00  0.00  575.67  -37.02  -29.12  23.68  115.97  -107.30  0.00  0.00  -49.32  372.06 
5.10  5.14  1.11  5.39  0.65  5.22  0.08  5.16  0.58  4.98  0.02  5.16  1.86  0.51  -0.30  0.04  -0.30  -0.03  120.82  -97.80  372.79  -22.62  -13.32  87.43  -34.74  20.16  0.00  0.00  0.00  0.00  -60.54  20.16  130.20  -107.59  0.00  0.00  0.00  0.00 
5.15  5.19  1.11  5.44  0.64  5.29  0.07  5.21  0.58  5.01  0.03  5.20  1.86  0.49  -0.25  0.05  -0.36  -0.02  120.29  -112.24  382.08  -25.02  -15.36  88.74  -34.24  14.28  0.00  0.00  0.00  0.00  -64.04  14.28  128.04  -103.03  0.00  0.00  0.00  0.00 
5.20  5.24  1.11  5.47  0.64  5.36  0.06  5.28  0.58  5.04  0.04  5.26  1.86  0.46  -0.20  0.08  -0.42  -0.04  118.78  -87.92  394.71  -15.11  -13.91  88.53  -32.34  7.43  0.00  0.00  0.00  0.00  -39.32  7.43  111.07  -95.96  0.00  0.00  0.00  0.00 
5.25  5.29  1.11  5.50  0.63  5.41  0.04  5.36  0.58  5.09  0.06  5.33  1.86  0.42  -0.16  0.13  -0.46  -0.06  116.42  -35.21  411.70  3.96  -9.79  85.58  -28.80  -0.14  0.00  0.00  0.00  0.00  8.16  -0.14  81.48  -85.44  0.00  0.00  0.00  0.00 
5.30  5.34  1.11  5.53  0.61  5.45  0.03  5.44  0.59  5.15  0.07  5.41  1.86  0.36  -0.14  0.18  -0.50  -0.09  113.56  26.40  433.80  26.13  -3.50  78.65  -23.66  -8.09  0.00  0.00  0.00  0.00  64.39  -8.09  44.43  -70.56  0.00  0.00  0.00  0.00 
5.35  5.39  1.11  5.54  0.60  5.47  0.02  5.52  0.60  5.23  0.08  5.48  1.85  0.30  -0.12  0.25  -0.51  -0.12  111.11  76.18  454.48  44.37  5.15  67.39  -16.95  -15.76  0.00  0.00  0.00  0.00  109.34  -15.76  7.26  -51.63  0.00  0.00  0.00  0.00 
5.40  5.44  1.11  5.56  0.59  5.49  0.01  5.60  0.61  5.31  0.09  5.54  1.85  0.23  -0.12  0.31  -0.51  -0.13  110.22  100.55  461.98  52.91  17.30  52.43  -8.43  -22.39  571.97  -4.29  0.00  0.00  125.54  -22.39  -22.87  -30.04  100.55  461.98  0.00  0.00 
5.45  5.49  1.11  5.58  0.59  5.50  0.00  5.68  0.62  5.40  0.10  5.58  1.85  0.16  -0.13  0.37  -0.50  -0.12  111.51  96.41  448.77  49.04  34.41  35.33  2.25  -27.45  574.47  -17.28  0.00  0.00  105.93  -27.45  -41.17  -7.87  96.41  448.77  0.00  0.00 
5.50  5.54  1.11  5.59  0.58  5.50  0.00  5.76  0.63  5.50  0.10  5.62  1.86  0.10  -0.16  0.43  -0.46  -0.10  114.43  66.50  419.02  33.99  55.23  18.27  13.89  -30.91  576.12  -27.04  0.00  0.00  55.94  -30.91  -46.62  12.63  66.50  419.02  0.00  0.00 
5.55  5.59  1.11  5.62  0.58  5.51  0.00  5.83  0.64  5.59  0.10  5.64  1.86  0.06  -0.19  0.47  -0.42  -0.07  117.65  14.82  388.18  12.52  73.61  3.49  22.45  -33.08  576.57  -33.74  0.00  0.00  -9.52  -33.08  -42.11  29.59  14.82  388.18  0.00  0.00 
5.60  5.64  1.11  5.66  0.58  5.52  0.01  5.89  0.64  5.68  0.09  5.67  1.86  0.03  -0.24  0.50  -0.36  -0.04  119.87  -47.06  371.89  -8.57  83.98  -7.42  24.43  -34.37  575.69  -38.39  0.00  0.00  -71.33  -34.37  -33.22  41.78  -47.06  371.89  0.00  0.00 
5.65  5.69  1.11  5.71  0.58  5.53  0.02  5.95  0.65  5.77  0.08  5.71  1.86  0.03  -0.30  0.50  -0.31  -0.03  120.63  -96.22  372.38  -22.57  87.47  -13.79  20.76  -34.89  0.00  0.00  0.00  0.00  -111.72  -34.89  -26.12  48.69  0.00  0.00  0.00  0.00 
5.70  5.74  1.11  5.76  0.58  5.56  0.03  5.99  0.64  5.84  0.07  5.76  1.86  0.04  -0.36  0.49  -0.25  -0.02  120.12  -111.72  381.64  -25.04  88.31  -15.90  14.61  -34.42  0.00  0.00  0.00  0.00  -118.87  -34.42  -25.29  50.33  0.00  0.00  0.00  0.00 
5.75  5.79  1.11  5.83  0.58  5.59  0.04  6.03  0.64  5.91  0.06  5.82  1.86  0.08  -0.42  0.46  -0.21  -0.04  118.62  -88.19  394.28  -15.20  87.85  -14.54  7.56  -32.59  0.00  0.00  0.00  0.00  -90.08  -32.59  -31.93  47.12  0.00  0.00  0.00  0.00 
5.80  5.84  1.11  5.91  0.58  5.64  0.06  6.06  0.63  5.96  0.04  5.89  1.86  0.12  -0.46  0.42  -0.17  -0.06  116.26  -35.95  411.30  3.84  84.84  -10.54  -0.10  -29.16  0.00  0.00  0.00  0.00  -32.89  -29.16  -43.53  39.69  0.00  0.00  0.00  0.00 
5.85  5.89  1.11  5.99  0.59  5.70  0.07  6.08  0.61  6.00  0.03  5.96  1.86  0.18  -0.50  0.36  -0.14  -0.09  113.38  25.35  433.47  26.01  77.98  -4.43  -8.11  -24.14  0.00  0.00  0.00  0.00  36.58  -24.14  -54.58  28.57  0.00  0.00  0.00  0.00 
5.90  5.94  1.11  6.07  0.60  5.78  0.08  6.10  0.60  6.02  0.02  6.03  1.85  0.24  -0.52  0.30  -0.13  -0.12  110.91  74.87  454.38  44.29  66.83  3.96  -15.82  -17.59  0.00  0.00  0.00  0.00  98.00  -17.59  -57.93  13.64  0.00  0.00  0.00  0.00 
5.95  5.99  1.11  6.15  0.60  5.86  0.09  6.11  0.59  6.04  0.01  6.09  1.85  0.31  -0.52  0.23  -0.13  -0.13  110.00  99.05  462.28  52.90  51.96  15.82  -22.48  -9.22  0.00  0.00  571.99  -5.33  132.40  -9.22  -46.29  -6.60  0.00  0.00  99.05  462.28 
6.00  6.04  1.11  6.23  0.62  5.95  0.10  6.13  0.59  6.05  0.00  6.14  1.85  0.37  -0.50  0.16  -0.14  -0.12  111.25  95.16  449.52  49.10  34.93  32.90  -27.57  1.51  0.00  0.00  574.50  -18.39  127.97  1.51  -14.69  -34.41  0.00  0.00  95.16  449.52 
6.05  6.09  1.11  6.31  0.63  6.05  0.10  6.15  0.58  6.05  0.00  6.17  1.86  0.43  -0.47  0.10  -0.16  -0.10  114.17  66.48  419.91  34.10  17.91  54.28  -31.04  13.62  0.00  0.00  576.14  -28.24  86.21  13.62  33.79  -67.89  0.00  0.00  66.48  419.91 
6.10  6.14  1.11  6.38  0.64  6.14  0.10  6.17  0.58  6.06  0.00  6.20  1.86  0.47  -0.42  0.05  -0.19  -0.07  117.41  16.51  388.59  12.64  3.11  73.59  -33.22  22.88  0.00  0.00  576.59  -35.05  25.11  22.88  83.82  -96.47  0.00  0.00  16.51  388.59 
6.15  6.19  1.11  6.45  0.64  6.23  0.09  6.21  0.58  6.07  0.01  6.23  1.86  0.49  -0.37  0.03  -0.24  -0.04  119.67  -44.69  371.68  -8.46  -7.84  84.38  -34.51  25.22  0.00  0.00  575.72  -39.76  -29.55  25.22  118.06  -109.60  0.00  0.00  -44.69  371.68 
6.20  6.24  1.11  6.50  0.65  6.32  0.08  6.26  0.58  6.08  0.02  6.26  1.86  0.50  -0.31  0.02  -0.30  -0.03  120.45  -94.58  371.94  -22.52  -14.27  87.54  -35.05  21.41  0.00  0.00  0.00  0.00  -60.78  21.41  131.46  -108.94  0.00  0.00  0.00  0.00 
6.25  6.29  1.11  6.54  0.64  6.39  0.07  6.31  0.58  6.11  0.03  6.31  1.86  0.49  -0.26  0.04  -0.36  -0.02  119.96  -111.20  381.19  -25.06  -16.45  87.87  -34.61  14.94  0.00  0.00  0.00  0.00  -63.69  14.94  127.87  -102.81  0.00  0.00  0.00  0.00 
6.30  6.35  1.11  6.58  0.63  6.46  0.06  6.38  0.58  6.14  0.04  6.37  1.86  0.46  -0.21  0.07  -0.42  -0.04  118.46  -88.48  393.85  -15.28  -15.17  87.13  -32.84  7.69  0.00  0.00  0.00  0.00  -38.65  7.69  110.10  -94.82  0.00  0.00  0.00  0.00 
6.35  6.40  1.11  6.61  0.63  6.51  0.04  6.46  0.58  6.19  0.06  6.44  1.86  0.42  -0.17  0.12  -0.47  -0.06  116.10  -36.71  410.89  3.71  -11.29  84.08  -29.50  -0.08  0.00  0.00  0.00  0.00  8.93  -0.08  80.29  -84.01  0.00  0.00  0.00  0.00 
6.40  6.45  1.11  6.63  0.61  6.55  0.03  6.54  0.59  6.25  0.07  6.51  1.86  0.36  -0.15  0.17  -0.50  -0.09  113.21  24.28  433.16  25.89  -5.36  77.29  -24.63  -8.13  0.00  0.00  0.00  0.00  65.25  -8.13  43.27  -69.16  0.00  0.00  0.00  0.00 
6.45  6.50  1.11  6.65  0.60  6.57  0.02  6.62  0.59  6.33  0.08  6.58  1.85  0.29  -0.13  0.24  -0.52  -0.12  110.71  73.55  454.29  44.22  2.76  66.24  -18.24  -15.88  0.00  0.00  0.00  0.00  110.38  -15.88  6.15  -50.36  0.00  0.00  0.00  0.00 
6.50  6.55  1.11  6.67  0.59  6.59  0.01  6.70  0.60  6.41  0.09  6.64  1.85  0.23  -0.13  0.30  -0.52  -0.13  109.77  97.53  462.58  52.88  14.33  51.48  -10.01  -22.57  572.02  -6.37  0.00  0.00  126.79  -22.57  -23.98  -28.91  97.53  462.58  0.00  0.00 
6.55  6.60  1.11  6.68  0.59  6.60  0.00  6.79  0.61  6.50  0.10  6.69  1.85  0.16  -0.14  0.36  -0.50  -0.12  111.00  93.86  450.27  49.15  31.33  34.52  0.77  -27.70  574.52  -19.51  0.00  0.00  107.26  -27.70  -42.33  -6.83  93.86  450.27  0.00  0.00 
6.60  6.65  1.11  6.70  0.58  6.60  0.00  6.86  0.63  6.60  0.10  6.72  1.86  0.09  -0.16  0.42  -0.47  -0.10  113.92  66.41  420.82  34.21  53.28  17.53  13.33  -31.18  576.17  -29.46  0.00  0.00  57.08  -31.18  -47.86  13.65  66.41  420.82  0.00  0.00 
6.65  6.70  1.11  6.72  0.58  6.61  0.00  6.93  0.64  6.69  0.10  6.75  1.86  0.05  -0.20  0.46  -0.42  -0.07  117.17  18.25  388.99  12.77  73.58  2.72  23.33  -33.36  576.61  -36.37  0.00  0.00  -8.75  -33.36  -43.41  30.64  18.25  388.99  0.00  0.00 
6.70  6.75  1.11  6.76  0.58  6.62  0.01  7.00  0.64  6.78  0.09  6.78  1.86  0.02  -0.24  0.49  -0.37  -0.04  119.46  -42.21  371.44  -8.36  84.85  -8.27  26.06  -34.65  575.74  -41.14  0.00  0.00  -70.93  -34.65  -34.57  42.92  -42.21  371.44  0.00  0.00 
6.75  6.80  1.11  6.81  0.58  6.63  0.02  7.05  0.64  6.87  0.08  6.82  1.86  0.01  -0.30  0.50  -0.32  -0.03  120.28  -92.86  371.47  -22.47  87.63  -14.76  22.08  -35.20  0.00  0.00  0.00  0.00  -111.64  -35.20  -27.50  49.97  0.00  0.00  0.00  0.00 
6.80  6.85  1.11  6.87  0.58  6.66  0.03  7.10  0.64  6.94  0.07  6.87  1.86  0.03  -0.36  0.49  -0.26  -0.02  119.80  -110.70  380.74  -25.08  87.40  -17.01  15.28  -34.80  0.00  0.00  0.00  0.00  -119.09  -34.80  -26.73  51.81  0.00  0.00  0.00  0.00 
6.85  6.90  1.11  6.93  0.58  6.69  0.04  7.13  0.63  7.01  0.06  6.93  1.86  0.06  -0.42  0.46  -0.22  -0.04  118.30  -88.81  393.43  -15.37  86.38  -15.81  7.81  -33.09  0.00  0.00  0.00  0.00  -90.55  -33.09  -33.54  48.90  0.00  0.00  0.00  0.00 
6.90  6.95  1.11  7.01  0.58  6.74  0.06  7.16  0.62  7.06  0.04  7.00  1.86  0.11  -0.47  0.41  -0.18  -0.06  115.94  -47.15  415.56  1.15  69.44  1.81  -3.77  -25.91  0.00  0.00  0.00  0.00  -45.18  -25.91  -25.25  24.10  0.00  0.00  0.00  0.00 
6.95  7.00  1.11  7.09  0.59  6.80  0.07  7.19  0.61  7.10  0.03  7.07  1.86  0.17  -0.50  0.36  -0.15  -0.09  113.04  -25.90  431.67  12.64  57.61  14.11  -12.26  -19.33  0.00  0.00  0.00  0.00  -12.80  -19.33  -17.86  5.22  0.00  0.00  0.00  0.00 
