0.00  0.00  1.11  0.07  0.59  0.00  0.00  0.24  0.64  0.00  0.10  0.08  1.86  0.14  -0.13  0.47  -0.42  -0.10  120.22  -2.62  574.08  17.55  51.89  32.33  9.30  -26.41  573.90  -15.05  0.00  0.00  5.86  -26.41  -11.63  -5.92  -2.62  574.08  0.00  0.00  1.95  11.43  51.25  5.86  43.28  0.00 
0.05  0.05  1.11  0.11  0.58  0.01  0.00  0.31  0.65  0.09  0.10  0.10  1.86  0.11  -0.17  0.51  -0.37  -0.07  123.55  -19.58  554.80  7.37  65.26  16.90  14.71  -29.20  574.29  -19.29  0.00  0.00  -20.05  -29.20  -19.67  12.30  -19.58  554.80  0.00  0.00  12.55  251.52  98.79  20.05  95.08  0.00 
0.10  0.09  1.11  0.15  0.58  0.01  0.01  0.36  0.65  0.19  0.09  0.12  1.86  0.10  -0.23  0.54  -0.30  -0.04  125.74  -68.73  536.63  -9.59  83.59  -5.30  18.91  -33.41  573.37  -21.67  0.00  0.00  -61.96  -33.41  -29.12  38.71  -68.73  536.63  0.00  0.00  69.91  4331.36  200.07  61.96  180.23  0.00 
0.15  0.14  1.11  0.20  0.58  0.03  0.02  0.41  0.66  0.27  0.08  0.16  1.86  0.11  -0.29  0.54  -0.24  -0.02  126.42  -115.24  540.42  -23.03  88.31  -10.59  14.99  -33.60  571.27  -23.73  0.00  0.00  -99.28  -33.60  -21.16  44.19  -115.24  540.42  0.00  0.00  146.03  14497.87  315.85  99.28  253.66  0.00 
0.20  0.18  1.11  0.25  0.58  0.06  0.03  0.45  0.65  0.34  0.07  0.20  1.86  0.13  -0.34  0.53  -0.18  -0.02  125.88  -123.36  551.61  -24.80  92.54  -11.46  10.38  -32.50  568.27  -26.35  0.00  0.00  -101.98  -32.50  -19.16  43.96  -123.36  551.61  0.00  0.00  170.44  17381.94  440.23  101.98  272.35  0.00 
0.25  0.23  1.11  0.32  0.59  0.09  0.04  0.48  0.64  0.41  0.06  0.26  1.86  0.17  -0.39  0.49  -0.12  -0.04  124.46  -92.85  565.69  -14.33  94.46  -8.44  4.82  -29.47  564.57  -29.38  0.00  0.00  -68.16  -29.47  -23.57  37.90  -92.85  565.69  0.00  0.00  118.95  8107.96  557.26  68.16  233.44  0.00 
0.30  0.27  1.11  0.39  0.59  0.14  0.06  0.50  0.63  0.46  0.04  0.32  1.86  0.22  -0.43  0.44  -0.08  -0.06  122.30  -34.35  583.82  5.05  92.31  -1.69  -1.76  -23.91  560.24  -31.58  0.00  0.00  -6.49  -23.91  -30.65  25.60  -34.35  583.82  0.00  0.00  11.00  71.32  645.54  6.49  150.99  0.00 
0.35  0.32  1.11  0.47  0.60  0.21  0.07  0.52  0.62  0.49  0.03  0.39  1.86  0.28  -0.46  0.38  -0.04  -0.09  119.80  34.70  606.12  27.20  85.21  9.47  -8.89  -15.33  555.45  -31.10  0.00  0.00  65.45  -15.33  -33.06  5.86  34.70  606.12  0.00  0.00  99.61  6518.72  677.16  65.45  50.84  0.00 
0.40  0.37  1.11  0.54  0.61  0.28  0.08  0.53  0.61  0.52  0.02  0.45  1.85  0.34  -0.46  0.32  -0.02  -0.12  117.88  95.70  624.63  45.07  73.22  26.20  -15.76  -3.54  550.66  -26.11  0.00  0.00  125.65  -3.54  -22.41  -22.66  95.70  624.63  0.00  0.00  154.19  19373.86  616.43  125.65  -38.85  0.00 
0.45  0.41  1.11  0.62  0.62  0.36  0.09  0.55  0.60  0.54  0.01  0.51  1.85  0.41  -0.45  0.26  -0.02  -0.13  117.67  131.39  625.72  53.02  57.40  46.99  -21.59  9.77  546.50  -15.54  0.00  0.00  155.79  9.77  3.75  -56.77  131.39  625.72  0.00  0.00  128.44  20009.28  441.98  155.79  -95.50  0.00 
0.50  0.46  1.11  0.70  0.64  0.45  0.10  0.57  0.59  0.55  0.00  0.55  1.85  0.47  -0.42  0.21  -0.04  -0.12  119.63  124.70  603.73  48.53  39.71  64.78  -25.97  19.52  543.53  0.46  0.00  0.00  150.35  19.52  35.78  -84.30  124.70  603.73  0.00  0.00  51.14  7689.11  182.09  150.35  -106.04  0.00 
0.55  0.50  1.11  0.77  0.65  0.55  0.10  0.60  0.59  0.55  0.00  0.58  1.86  0.52  -0.37  0.18  -0.08  -0.10  123.00  70.48  570.49  33.01  22.56  73.47  -28.95  21.58  0.00  0.00  0.00  0.00  -26.41  5.86  -5.92  -11.63  0.00  0.00  0.00  0.00  4.96  131.01  0.00  26.41  -71.20  0.00 
0.60  0.55  1.11  0.83  0.66  0.64  0.10  0.63  0.59  0.56  0.00  0.60  1.86  0.55  -0.31  0.16  -0.13  -0.07  126.30  -10.24  544.26  11.39  8.17  76.56  -30.93  18.29  0.00  0.00  0.00  0.00  -29.20  -20.05  12.30  -19.67  0.00  0.00  0.00  0.00  20.87  609.31  0.00  29.20  -8.27  0.00 
0.65  0.59  1.11  0.88  0.66  0.74  0.09  0.68  0.59  0.56  0.01  0.63  1.86  0.57  -0.25  0.16  -0.20  -0.04  128.32  -84.09  534.97  -9.49  -2.06  81.15  -32.19  14.52  0.00  0.00  0.00  0.00  -33.41  -61.96  38.71  -29.12  0.00  0.00  0.00  0.00  39.97  1335.41  0.00  33.41  55.17  0.00 
0.70  0.64  1.11  0.93  0.66  0.82  0.08  0.73  0.59  0.58  0.02  0.66  1.86  0.57  -0.18  0.17  -0.26  -0.02  128.79  -127.97  540.59  -22.99  -7.75  88.48  -32.57  11.65  0.00  0.00  0.00  0.00  -33.60  -99.28  44.19  -21.16  0.00  0.00  0.00  0.00  53.65  1802.62  0.00  33.60  92.83  0.00 
0.75  0.69  1.11  0.96  0.66  0.89  0.07  0.79  0.59  0.61  0.03  0.70  1.86  0.55  -0.11  0.19  -0.32  -0.02  128.04  -133.10  553.04  -24.83  -9.28  95.36  -31.52  8.50  0.00  0.00  0.00  0.00  -32.50  -101.98  43.96  -19.16  0.00  0.00  0.00  0.00  61.46  1997.54  0.00  32.50  88.86  0.00 
0.80  0.73  1.11  0.99  0.65  0.96  0.06  0.85  0.59  0.64  0.04  0.76  1.86  0.51  -0.05  0.23  -0.36  -0.04  126.44  -100.88  567.81  -14.42  -7.12  98.80  -28.31  4.08  0.00  0.00  0.00  0.00  -29.47  -68.16  37.90  -23.57  0.00  0.00  0.00  0.00  60.85  1792.93  0.00  29.47  40.99  0.00 
0.85  0.78  1.11  1.01  0.63  1.01  0.04  0.92  0.60  0.69  0.06  0.82  1.86  0.45  -0.00  0.28  -0.40  -0.06  124.16  -40.88  586.41  4.93  -0.90  97.15  -22.07  -1.68  0.00  0.00  0.00  0.00  -23.91  -6.49  25.60  -30.65  0.00  0.00  0.00  0.00  50.39  1204.55  0.00  23.91  -39.24  0.00 
0.90  0.82  1.11  1.02  0.62  1.04  0.03  1.00  0.61  0.76  0.07  0.89  1.86  0.39  0.04  0.33  -0.42  -0.09  121.59  33.37  609.97  27.08  12.34  89.86  -11.21  -8.22  0.00  0.00  0.00  0.00  -15.33  65.45  5.86  -33.06  0.00  0.00  0.00  0.00  30.56  468.43  0.00  15.33  -127.68  0.00 
0.95  0.87  1.11  1.03  0.61  1.07  0.02  1.07  0.62  0.83  0.08  0.96  1.85  0.32  0.06  0.39  -0.42  -0.12  119.68  111.04  630.64  45.00  38.38  77.33  6.92  -14.65  0.00  0.00  0.00  0.00  -3.54  125.65  -22.66  -22.41  0.00  0.00  0.00  0.00  5.79  20.47  0.00  3.54  -194.36  0.00 
1.00  0.92  1.11  1.05  0.60  1.09  0.01  1.15  0.63  0.91  0.09  1.01  1.85  0.25  0.07  0.45  -0.41  -0.13  119.57  167.70  628.71  53.01  70.85  60.89  27.53  -20.19  0.00  0.00  0.00  0.00  9.77  155.79  -56.77  3.75  0.00  0.00  0.00  0.00  8.39  81.98  0.00  9.77  -213.09  0.00 
1.05  0.96  1.11  1.07  0.59  1.10  0.00  1.22  0.65  1.00  0.10  1.05  1.85  0.21  0.04  0.51  -0.37  -0.12  121.79  155.48  600.31  48.58  85.01  42.66  34.43  -24.45  0.00  0.00  0.00  0.00  19.52  150.35  -84.30  35.78  0.00  0.00  0.00  0.00  4.51  87.99  0.00  19.52  -169.75  0.00 
1.10  1.01  1.11  1.11  0.59  1.10  0.00  1.29  0.66  1.10  0.10  1.08  1.86  0.19  -0.01  0.56  -0.32  -0.10  125.43  70.40  564.76  33.12  76.03  25.08  24.46  -27.53  573.28  10.64  0.00  0.00  5.86  -26.41  -11.63  -5.92  70.40  564.76  0.00  0.00  6.39  37.42  128.13  5.86  -73.23  0.00 
1.15  1.05  1.11  1.15  0.59  1.11  0.00  1.35  0.67  1.19  0.10  1.11  1.86  0.19  -0.08  0.59  -0.26  -0.07  128.81  -29.97  538.14  11.52  68.61  10.26  13.54  -29.80  573.44  8.29  0.00  0.00  -20.05  -29.20  -19.67  12.30  -29.97  538.14  0.00  0.00  29.84  598.22  221.88  20.05  46.64  0.00 
1.20  1.10  1.11  1.20  0.59  1.11  0.01  1.40  0.67  1.29  0.09  1.13  1.86  0.20  -0.15  0.60  -0.19  -0.04  130.71  -104.41  530.45  -9.39  74.72  -0.67  9.51  -31.49  572.34  7.15  0.00  0.00  -61.96  -33.41  -29.12  38.71  -104.41  530.45  0.00  0.00  101.60  6294.85  310.33  61.96  156.50  0.00 
1.25  1.14  1.11  1.26  0.59  1.13  0.02  1.44  0.67  1.37  0.08  1.16  1.86  0.22  -0.22  0.59  -0.12  -0.02  130.95  -144.85  538.08  -22.94  86.33  -7.74  8.40  -32.45  570.06  5.75  0.00  0.00  -99.28  -33.60  -21.16  44.19  -144.85  538.08  0.00  0.00  168.84  16762.14  403.52  99.28  229.03  0.00 
1.30  1.19  1.11  1.32  0.60  1.16  0.03  1.47  0.66  1.44  0.07  1.21  1.86  0.25  -0.28  0.56  -0.04  -0.02  129.91  -149.62  551.37  -24.85  96.22  -12.09  6.73  -32.34  566.84  3.36  0.00  0.00  -101.98  -32.50  -19.16  43.96  -149.62  551.37  0.00  0.00  174.18  17763.16  496.13  101.98  246.74  0.00 
1.35  1.24  1.11  1.38  0.60  1.19  0.04  1.49  0.65  1.51  0.06  1.26  1.86  0.28  -0.33  0.51  0.02  -0.04  128.01  -123.44  564.41  -14.51  101.26  -16.57  3.36  -31.54  562.87  0.27  0.00  0.00  -68.16  -29.47  -23.57  37.90  -123.44  564.41  0.00  0.00  112.67  7679.74  570.77  68.16  206.61  0.00 
1.40  1.28  1.11  1.45  0.61  1.24  0.06  1.51  0.63  1.56  0.04  1.33  1.86  0.33  -0.36  0.44  0.08  -0.06  125.40  -111.10  561.02  4.81  100.23  -47.44  -1.64  -42.57  558.24  -2.21  0.00  0.00  -6.49  -23.91  -30.65  25.60  -111.10  561.02  0.00  0.00  9.83  63.75  588.57  6.49  119.71  0.00 
1.45  1.33  1.11  1.52  0.62  1.30  0.07  1.51  0.61  1.60  0.03  1.40  1.86  0.38  -0.38  0.36  0.14  -0.09  122.39  16.25  652.49  26.96  92.92  11.10  -7.60  -8.64  553.15  -2.18  0.00  0.00  65.45  -15.33  -33.06  5.86  16.25  652.49  0.00  0.00  83.71  5478.23  637.05  65.45  29.02  0.00 
1.50  1.37  1.11  1.60  0.63  1.38  0.08  1.50  0.56  1.62  0.02  1.46  1.85  0.44  -0.38  0.22  0.22  -0.12  119.11  245.69  662.77  44.92  80.03  116.30  -13.61  64.97  548.10  2.21  0.00  0.00  125.65  -3.54  -22.41  -22.66  245.69  662.77  0.00  0.00  117.64  14781.26  508.83  125.65  -85.45  0.00 
1.55  1.42  1.11  1.67  0.64  1.46  0.09  1.53  0.56  1.64  0.01  1.51  1.85  0.50  -0.36  0.20  0.20  -0.13  120.56  237.71  616.91  53.00  63.09  107.35  -18.90  58.14  543.77  12.09  0.00  0.00  155.79  9.77  3.75  -56.77  237.71  616.91  0.00  0.00  77.08  12008.69  261.58  155.79  -142.99  0.00 
1.60  1.46  1.11  1.74  0.66  1.55  0.10  1.55  0.56  1.65  0.00  1.56  1.85  0.55  -0.32  0.16  0.16  -0.12  123.11  176.49  585.77  48.64  44.35  91.08  -23.12  47.03  540.77  27.32  0.00  0.00  150.35  19.52  35.78  -84.30  176.49  585.77  0.00  0.00  3.40  511.86  11.53  150.35  -149.26  0.00 
1.65  1.51  1.11  1.80  0.67  1.65  0.10  1.60  0.59  1.65  0.00  1.59  1.86  0.59  -0.27  0.17  0.08  -0.10  126.93  89.15  568.87  33.23  26.23  86.34  -26.41  35.97  0.00  0.00  0.00  0.00  -26.41  5.86  -5.92  -11.63  0.00  0.00  0.00  0.00  15.36  405.77  0.00  26.41  -107.68  0.00 
1.70  1.56  1.11  1.86  0.68  1.74  0.10  1.67  0.59  1.66  0.00  1.61  1.86  0.61  -0.20  0.21  -0.02  -0.07  130.80  -76.67  532.28  11.64  10.56  42.48  -29.19  0.22  0.00  0.00  0.00  0.00  -29.20  -20.05  12.30  -19.67  0.00  0.00  0.00  0.00  33.40  975.09  0.00  29.20  -35.75  0.00 
1.75  1.60  1.11  1.91  0.68  1.84  0.09  1.73  0.59  1.66  0.01  1.63  1.86  0.62  -0.12  0.24  -0.10  -0.04  132.68  -153.38  516.44  -9.28  -2.12  49.10  -31.77  -4.04  0.00  0.00  0.00  0.00  -33.41  -61.96  38.71  -29.12  0.00  0.00  0.00  0.00  55.98  1870.20  0.00  33.41  32.31  0.00 
1.80  1.65  1.11  1.95  0.67  1.92  0.08  1.78  0.60  1.68  0.02  1.67  1.86  0.60  -0.04  0.26  -0.18  -0.02  132.66  -173.33  529.96  -22.90  -13.41  79.32  -34.52  3.81  0.00  0.00  0.00  0.00  -33.60  -99.28  44.19  -21.16  0.00  0.00  0.00  0.00  72.65  2441.10  0.00  33.60  70.45  0.00 
1.85  1.69  1.11  1.97  0.66  1.99  0.07  1.84  0.60  1.71  0.03  1.71  1.86  0.56  0.03  0.29  -0.24  -0.02  131.23  -189.27  537.08  -24.88  -32.14  94.60  -40.68  4.69  0.00  0.00  0.00  0.00  -32.50  -101.98  43.96  -19.16  0.00  0.00  0.00  0.00  85.55  2780.49  0.00  32.50  68.32  0.00 
1.90  1.74  1.11  1.99  0.64  2.06  0.06  1.91  0.61  1.74  0.04  1.77  1.86  0.49  0.11  0.33  -0.29  -0.04  128.77  -173.33  562.97  -14.59  -42.16  101.87  -43.31  2.58  0.00  0.00  0.00  0.00  -29.47  -68.16  37.90  -23.57  0.00  0.00  0.00  0.00  97.32  2867.59  0.00  29.47  23.15  0.00 
1.95  1.78  1.11  1.99  0.62  2.11  0.04  1.98  0.62  1.79  0.06  1.83  1.86  0.40  0.20  0.37  -0.32  -0.06  125.11  -1.77  665.10  4.69  42.88  101.71  9.58  -1.63  0.00  0.00  0.00  0.00  -23.91  -6.49  25.60  -30.65  0.00  0.00  0.00  0.00  90.97  2174.76  0.00  23.91  -72.71  0.00 
2.00  1.83  1.11  1.99  0.57  2.15  0.03  2.05  0.63  1.85  0.07  1.90  1.86  0.28  0.28  0.43  -0.34  -0.09  122.10  211.75  655.60  26.84  123.05  94.54  68.49  -7.02  0.00  0.00  0.00  0.00  -15.33  65.45  5.86  -33.06  0.00  0.00  0.00  0.00  29.70  455.31  0.00  15.33  -181.02  0.00 
2.05  1.88  1.11  2.02  0.56  2.17  0.02  2.12  0.64  1.93  0.08  1.96  1.85  0.26  0.26  0.48  -0.33  -0.12  122.81  158.44  606.69  44.84  61.96  81.39  33.58  -12.64  0.00  0.00  0.00  0.00  -3.54  125.65  -22.66  -22.41  0.00  0.00  0.00  0.00  0.00  0.00  0.00  3.54  -229.04  0.00 
2.10  1.92  1.11  2.05  0.56  2.19  0.01  2.19  0.65  2.01  0.09  2.02  1.85  0.24  0.24  0.54  -0.31  -0.13  124.10  64.30  576.26  52.99  0.04  64.01  -2.12  -17.74  0.00  0.00  0.00  0.00  9.77  155.79  -56.77  3.75  0.00  0.00  0.00  0.00  0.00  0.00  0.00  9.77  -229.88  0.00 
2.15  1.97  1.11  2.08  0.56  2.20  0.00  2.26  0.67  2.10  0.10  2.06  1.85  0.20  0.20  0.58  -0.26  -0.12  126.31  114.20  575.29  48.70  57.93  44.70  27.28  -22.04  0.00  0.00  0.00  0.00  19.52  150.35  -84.30  35.78  0.00  0.00  0.00  0.00  0.00  0.00  0.00  19.52  -196.23  0.00 
2.20  2.01  1.11  2.11  0.56  2.20  0.00  2.32  0.68  2.20  0.10  2.09  1.86  0.17  0.17  0.62  -0.21  -0.10  128.85  163.89  563.24  33.34  134.24  25.70  66.49  -25.77  572.26  30.72  0.00  0.00  5.86  -26.41  -11.63  -5.92  163.89  563.24  0.00  0.00  7.32  42.89  0.00  5.86  -118.98  0.00 
2.25  2.06  1.11  2.16  0.59  2.21  0.00  2.37  0.68  2.29  0.10  2.11  1.86  0.20  0.07  0.63  -0.13  -0.07  131.76  23.13  560.80  11.77  110.66  8.22  41.78  -29.50  573.40  30.64  0.00  0.00  -20.05  -29.20  -19.67  12.30  23.13  560.80  0.00  0.00  59.45  1191.90  207.99  20.05  6.99  0.00 
2.30  2.10  1.11  2.24  0.60  2.21  0.01  2.42  0.68  2.39  0.09  2.14  1.86  0.26  -0.04  0.63  -0.05  -0.04  133.93  -173.79  520.65  -9.18  47.83  -9.06  -5.48  -34.22  571.53  32.80  0.00  0.00  -61.96  -33.41  -29.12  38.71  -173.79  520.65  0.00  0.00  180.26  11168.64  449.23  61.96  132.88  0.00 
2.35  2.15  1.11  2.30  0.60  2.23  0.02  2.45  0.67  2.47  0.08  2.17  1.86  0.29  -0.12  0.60  0.03  -0.02  133.64  -245.28  499.06  -22.85  56.73  -38.45  -7.51  -45.09  568.82  32.69  0.00  0.00  -99.28  -33.60  -21.16  44.19  -245.28  499.06  0.00  0.00  220.00  21841.45  460.05  99.28  203.80  0.00 
2.40  2.20  1.11  2.37  0.61  2.26  0.03  2.47  0.66  2.54  0.07  2.21  1.86  0.33  -0.19  0.54  0.13  -0.02  131.59  -235.01  546.04  -24.90  89.10  -45.85  1.62  -48.46  565.27  30.90  0.00  0.00  -101.98  -32.50  -19.16  43.96  -235.01  546.04  0.00  0.00  196.55  20044.89  545.32  101.98  225.57  0.00 
2.45  2.24  1.11  2.43  0.62  2.29  0.04  2.47  0.63  2.61  0.06  2.27  1.86  0.37  -0.24  0.44  0.24  -0.04  127.67  -57.63  675.07  -14.68  100.33  56.16  1.52  14.31  561.01  28.02  0.00  0.00  -68.16  -29.47  -23.57  37.90  -57.63  675.07  0.00  0.00  115.44  7868.71  695.98  68.16  189.86  0.00 
2.50  2.29  1.11  2.50  0.62  2.34  0.06  2.47  0.58  2.66  0.04  2.33  1.86  0.41  -0.27  0.33  0.33  -0.06  124.93  165.59  660.91  4.57  101.55  137.37  -1.72  75.76  556.12  25.44  0.00  0.00  -6.49  -23.91  -30.65  25.60  165.59  660.91  0.00  0.00  9.28  60.21  650.52  6.49  71.63  0.00 
2.55  2.33  1.11  2.57  0.64  2.40  0.07  2.51  0.57  2.70  0.03  2.40  1.86  0.47  -0.29  0.32  0.32  -0.09  125.97  116.76  602.64  26.72  94.74  64.15  -6.52  34.59  550.82  25.14  0.00  0.00  65.45  -15.33  -33.06  5.86  116.76  602.64  0.00  0.00  72.00  4712.20  498.51  65.45  -30.17  0.00 
2.60  2.38  1.11  2.64  0.65  2.48  0.08  2.55  0.56  2.72  0.02  2.47  1.85  0.52  -0.28  0.30  0.30  -0.12  126.63  48.81  571.48  44.76  81.43  -3.41  -11.79  -3.84  545.64  29.03  0.00  0.00  125.65  -3.54  -22.41  -22.66  48.81  571.48  0.00  0.00  85.51  10744.84  310.19  125.65  -115.76  0.00 
2.65  2.42  1.11  2.71  0.66  2.56  0.09  2.58  0.56  2.74  0.01  2.52  1.85  0.57  -0.25  0.28  0.28  -0.13  127.70  61.93  569.11  52.97  63.58  6.32  -16.80  -0.39  541.31  38.26  0.00  0.00  155.79  9.77  3.75  -56.77  61.93  569.11  0.00  0.00  26.80  4175.47  80.28  155.79  -168.32  0.00 
2.70  2.47  1.11  2.77  0.68  2.65  0.10  2.61  0.56  2.75  0.00  2.56  1.85  0.61  -0.21  0.24  0.24  -0.12  129.53  41.68  553.44  48.76  43.45  17.52  -21.37  3.58  538.47  52.74  0.00  0.00  150.35  19.52  35.78  -84.30  41.68  553.44  0.00  0.00  61.77  9286.58  185.25  150.35  -174.63  0.00 
2.75  2.52  1.11  2.83  0.68  2.75  0.10  2.63  0.56  2.75  0.00  2.59  1.86  0.64  -0.14  0.21  0.21  -0.10  131.50  113.39  555.78  33.45  22.79  110.43  -25.94  51.90  0.00  0.00  0.00  0.00  -26.41  5.86  -5.92  -11.63  0.00  0.00  0.00  0.00  27.63  729.61  0.00  26.41  -141.24  0.00 
2.80  2.56  1.11  2.88  0.69  2.84  0.10  2.66  0.56  2.76  0.00  2.62  1.86  0.65  -0.06  0.17  0.17  -0.07  132.40  133.74  552.90  11.89  1.09  182.34  -31.72  88.59  0.00  0.00  0.00  0.00  -29.20  -20.05  12.30  -19.67  0.00  0.00  0.00  0.00  50.22  1466.49  0.00  29.20  -83.07  0.00 
2.85  2.61  1.11  2.92  0.68  2.93  0.09  2.74  0.60  2.77  0.01  2.64  1.86  0.63  0.02  0.26  0.04  -0.04  134.07  -134.99  546.58  -9.08  -32.48  98.71  -43.85  22.83  0.00  0.00  0.00  0.00  -33.41  -61.96  38.71  -29.12  0.00  0.00  0.00  0.00  82.42  2753.55  0.00  33.41  -7.22  0.00 
2.90  2.65  1.11  2.95  0.67  3.02  0.08  2.82  0.61  2.78  0.02  2.67  1.86  0.59  0.12  0.31  -0.06  -0.03  133.48  -316.95  497.13  -22.80  -57.50  36.46  -55.97  -17.94  0.00  0.00  0.00  0.00  -33.60  -99.28  44.19  -21.16  0.00  0.00  0.00  0.00  120.21  4039.15  0.00  33.60  55.61  0.00 
2.95  2.70  1.11  2.95  0.64  3.09  0.07  2.88  0.61  2.81  0.03  2.72  1.86  0.49  0.25  0.36  -0.13  -0.02  130.04  -152.05  663.22  -24.92  48.90  75.16  4.11  -4.76  0.00  0.00  0.00  0.00  -32.50  -101.98  43.96  -19.16  0.00  0.00  0.00  0.00  150.63  4895.59  0.00  32.50  34.39  0.00 
3.00  2.75  1.11  2.95  0.58  3.16  0.06  2.95  0.62  2.84  0.04  2.77  1.86  0.37  0.37  0.40  -0.19  -0.04  126.71  117.21  679.02  -14.77  157.07  95.79  85.58  -0.27  0.00  0.00  0.00  0.00  -29.47  -68.16  37.90  -23.57  0.00  0.00  0.00  0.00  73.39  2162.32  0.00  29.47  -46.66  0.00 
3.05  2.79  1.11  3.00  0.58  3.21  0.04  3.02  0.63  2.89  0.06  2.84  1.86  0.37  0.37  0.45  -0.22  -0.06  128.79  73.96  607.84  4.44  81.46  99.50  43.49  -2.08  0.00  0.00  0.00  0.00  -23.91  -6.49  25.60  -30.65  0.00  0.00  0.00  0.00  0.00  0.00  0.00  23.91  -107.05  0.00 
3.10  2.84  1.11  3.04  0.57  3.25  0.03  3.09  0.64  2.95  0.07  2.91  1.86  0.36  0.36  0.50  -0.23  -0.09  129.89  2.16  559.72  26.61  -4.80  93.40  -4.80  -6.20  0.00  0.00  0.00  0.00  -15.33  65.45  5.86  -33.06  0.00  0.00  0.00  0.00  0.00  0.00  0.00  15.33  -173.12  0.00 
3.15  2.88  1.11  3.08  0.56  3.27  0.02  3.16  0.66  3.03  0.08  2.97  1.85  0.34  0.34  0.55  -0.22  -0.12  130.45  45.46  564.56  44.69  3.08  80.02  -2.03  -11.16  0.00  0.00  0.00  0.00  -3.54  125.65  -22.66  -22.41  0.00  0.00  0.00  0.00  0.00  0.00  0.00  3.54  -234.81  0.00 
3.20  2.93  1.11  3.11  0.56  3.29  0.01  3.23  0.67  3.11  0.09  3.02  1.85  0.32  0.32  0.59  -0.19  -0.13  131.26  58.76  561.30  52.96  12.51  61.57  1.31  -16.22  0.00  0.00  0.00  0.00  9.77  155.79  -56.77  3.75  0.00  0.00  0.00  0.00  0.00  0.00  0.00  9.77  -251.21  0.00 
3.25  2.97  1.11  3.14  0.56  3.30  0.00  3.29  0.68  3.20  0.10  3.07  1.85  0.28  0.28  0.63  -0.14  -0.12  132.64  37.47  544.93  48.82  23.42  40.05  5.19  -21.40  0.00  0.00  0.00  0.00  19.52  150.35  -84.30  35.78  0.00  0.00  0.00  0.00  0.00  0.00  0.00  19.52  -212.41  0.00 
3.30  3.02  1.11  3.16  0.56  3.30  0.00  3.34  0.69  3.30  0.10  3.10  1.86  0.25  0.25  0.65  -0.07  -0.10  133.96  -16.04  520.07  33.56  35.58  15.86  9.50  -27.70  566.67  57.04  0.00  0.00  5.86  -26.41  -11.63  -5.92  -16.04  520.07  0.00  0.00  0.00  0.00  0.00  5.86  -126.28  0.00 
3.35  3.07  1.11  3.19  0.56  3.31  0.00  3.39  0.69  3.39  0.10  3.12  1.86  0.21  0.21  0.65  0.01  -0.07  134.02  71.61  528.66  12.02  162.56  -18.38  76.26  -39.30  569.93  53.11  0.00  0.00  -20.05  -29.20  -19.67  12.30  71.61  528.66  0.00  0.00  0.00  0.00  0.00  20.05  -35.21  0.00 
3.40  3.11  1.11  3.21  0.56  3.32  0.01  3.42  0.68  3.48  0.09  3.14  1.86  0.18  0.18  0.62  0.11  -0.04  131.75  32.18  537.00  -8.98  228.17  -73.17  109.50  -63.68  572.39  49.92  0.00  0.00  -61.96  -33.41  -29.12  38.71  32.18  537.00  0.00  0.00  190.24  11787.08  0.00  61.96  64.81  0.00 
3.45  3.16  1.11  3.32  0.61  3.33  0.02  3.43  0.66  3.57  0.08  3.18  1.86  0.32  0.01  0.55  0.24  -0.03  131.34  -195.95  713.87  -22.76  80.96  31.34  0.43  -13.48  568.29  56.56  0.00  0.00  -99.28  -33.60  -21.16  44.19  -195.95  713.87  0.00  0.00  445.23  44201.88  982.96  99.28  198.55  0.00 
3.50  3.20  1.11  3.40  0.62  3.36  0.03  3.42  0.59  3.64  0.07  3.22  1.86  0.38  -0.07  0.40  0.40  -0.02  127.03  -2.00  662.36  -24.95  15.59  178.99  -32.08  96.18  564.14  56.18  0.00  0.00  -101.98  -32.50  -19.16  43.96  -2.00  662.36  0.00  0.00  252.48  25748.25  735.39  101.98  166.78  0.00 
3.55  3.25  1.11  3.47  0.63  3.39  0.04  3.48  0.58  3.71  0.06  3.28  1.86  0.43  -0.13  0.41  0.41  -0.04  130.34  27.46  619.25  -14.85  86.02  106.78  -3.92  56.42  559.49  53.84  0.00  0.00  -68.16  -29.47  -23.57  37.90  27.46  619.25  0.00  0.00  128.80  8778.93  648.97  68.16  121.47  0.00 
3.60  3.29  1.11  3.54  0.64  3.44  0.06  3.53  0.58  3.76  0.04  3.34  1.86  0.48  -0.16  0.41  0.41  -0.06  132.60  -66.34  549.50  4.32  94.96  -4.25  -3.05  -5.03  554.34  51.37  0.00  0.00  -6.49  -23.91  -30.65  25.60  -66.34  549.50  0.00  0.00  9.30  60.33  502.43  6.49  46.00  0.00 
3.65  3.34  1.11  3.61  0.65  3.50  0.07  3.57  0.57  3.80  0.03  3.41  1.86  0.53  -0.17  0.40  0.40  -0.09  133.73  -3.07  552.94  26.49  90.24  1.81  -6.23  -2.94  548.90  50.86  0.00  0.00  65.45  -15.33  -33.06  5.86  -3.07  552.94  0.00  0.00  63.24  4138.90  372.99  65.45  -53.83  0.00 
3.70  3.39  1.11  3.67  0.66  3.58  0.08  3.60  0.56  3.82  0.02  3.47  1.85  0.57  -0.16  0.38  0.38  -0.12  134.17  41.19  556.85  44.61  76.90  9.43  -10.91  -0.26  543.70  54.30  0.00  0.00  125.65  -3.54  -22.41  -22.66  41.19  556.85  0.00  0.00  54.54  6852.97  177.42  125.65  -142.35  0.00 
3.75  3.43  1.11  3.74  0.68  3.66  0.09  3.63  0.56  3.84  0.01  3.53  1.85  0.61  -0.13  0.35  0.35  -0.13  134.66  54.16  552.45  52.95  57.50  18.56  -16.28  2.98  539.53  62.89  0.00  0.00  155.79  9.77  3.75  -56.77  54.16  552.45  0.00  0.00  28.37  4419.91  74.60  155.79  -195.76  0.00 
3.80  3.48  1.11  3.80  0.69  3.75  0.10  3.66  0.56  3.85  0.00  3.57  1.85  0.64  -0.07  0.32  0.32  -0.12  135.52  30.07  534.25  48.87  33.21  29.20  -22.76  6.76  537.07  76.57  0.00  0.00  150.35  19.52  35.78  -84.30  30.07  534.25  0.00  0.00  133.89  20130.90  340.58  150.35  -201.74  0.00 
3.85  3.52  1.11  3.85  0.69  3.85  0.10  3.69  0.56  3.85  0.00  3.60  1.86  0.66  0.00  0.29  0.29  -0.10  136.10  -34.32  502.83  33.67  -0.17  41.13  -33.39  10.99  0.00  0.00  0.00  0.00  -26.41  5.86  -5.92  -11.63  0.00  0.00  0.00  0.00  45.38  1198.55  0.00  26.41  -162.76  0.00 
3.90  3.57  1.11  3.89  0.69  3.94  0.10  3.71  0.56  3.86  0.00  3.62  1.86  0.64  0.10  0.25  0.25  -0.07  135.10  -79.57  453.34  12.14  -88.19  122.39  -70.10  52.84  0.00  0.00  0.00  0.00  -29.20  -20.05  12.30  -19.67  0.00  0.00  0.00  0.00  82.46  2407.85  0.00  29.20  -99.01  0.00 
3.95  3.61  1.11  3.91  0.67  4.03  0.09  3.74  0.56  3.87  0.01  3.65  1.86  0.59  0.22  0.22  0.22  -0.04  131.19  48.17  674.33  -8.87  11.98  208.82  -31.51  97.45  0.00  0.00  0.00  0.00  -33.41  -61.96  38.71  -29.12  0.00  0.00  0.00  0.00  181.75  6072.39  0.00  33.41  -50.00  0.00 
4.00  3.66  1.11  3.89  0.60  4.12  0.08  3.81  0.60  3.88  0.02  3.68  1.86  0.42  0.42  0.30  0.11  -0.03  124.70  209.96  814.29  -22.71  200.17  146.74  105.85  45.66  0.00  0.00  0.00  0.00  -33.60  -99.28  44.19  -21.16  0.00  0.00  0.00  0.00  124.31  4176.87  0.00  33.60  -65.70  0.00 
4.05  3.71  1.11  3.95  0.59  4.19  0.07  3.90  0.62  3.91  0.03  3.72  1.86  0.44  0.44  0.38  0.00  -0.02  130.00  -22.20  648.83  -24.97  133.79  53.03  69.87  -15.74  0.00  0.00  0.00  0.00  -32.50  -101.98  43.96  -19.16  0.00  0.00  0.00  0.00  0.00  0.00  0.00  32.50  -20.64  0.00 
4.10  3.75  1.11  4.00  0.58  4.26  0.06  3.98  0.63  3.94  0.04  3.78  1.86  0.45  0.45  0.44  -0.06  -0.04  133.76  -168.17  530.27  -14.94  -1.82  61.78  -4.54  -13.87  0.00  0.00  0.00  0.00  -29.47  -68.16  37.90  -23.57  0.00  0.00  0.00  0.00  0.00  0.00  0.00  29.47  -30.95  0.00 
4.15  3.80  1.11  4.05  0.58  4.31  0.04  4.05  0.64  3.99  0.06  3.84  1.86  0.45  0.45  0.50  -0.10  -0.06  136.23  -77.94  540.78  4.20  2.37  86.52  -3.14  -5.34  0.00  0.00  0.00  0.00  -23.91  -6.49  25.60  -30.65  0.00  0.00  0.00  0.00  0.00  0.00  0.00  23.91  -106.51  0.00 
4.20  3.84  1.11  4.09  0.57  4.35  0.03  4.12  0.66  4.05  0.07  3.91  1.86  0.44  0.44  0.55  -0.11  -0.09  137.38  -10.13  544.92  26.37  8.26  84.68  -1.11  -6.94  0.00  0.00  0.00  0.00  -15.33  65.45  5.86  -33.06  0.00  0.00  0.00  0.00  0.00  0.00  0.00  15.33  -188.57  0.00 
4.25  3.89  1.11  4.13  0.56  4.37  0.02  4.18  0.67  4.13  0.08  3.98  1.85  0.42  0.42  0.59  -0.09  -0.12  137.65  35.26  547.94  44.53  15.62  71.51  1.48  -11.35  0.00  0.00  0.00  0.00  -3.54  125.65  -22.66  -22.41  0.00  0.00  0.00  0.00  0.00  0.00  0.00  3.54  -251.43  0.00 
4.30  3.93  1.11  4.16  0.56  4.39  0.01  4.25  0.68  4.21  0.09  4.03  1.85  0.39  0.39  0.63  -0.06  -0.13  137.78  46.78  541.66  52.94  24.47  50.27  4.61  -17.51  0.00  0.00  0.00  0.00  9.77  155.79  -56.77  3.75  0.00  0.00  0.00  0.00  0.00  0.00  0.00  9.77  -270.28  0.00 
4.35  3.98  1.11  4.19  0.56  4.40  0.00  4.30  0.69  4.30  0.10  4.07  1.85  0.36  0.36  0.65  0.00  -0.12  138.02  15.16  518.23  48.93  34.82  19.33  8.29  -27.15  0.00  0.00  0.00  0.00  19.52  150.35  -84.30  35.78  0.00  0.00  0.00  0.00  0.00  0.00  0.00  19.52  -233.74  0.00 
4.40  4.03  1.11  4.21  0.56  4.40  0.00  4.35  0.69  4.40  0.10  4.10  1.86  0.33  0.33  0.65  0.09  -0.10  137.69  -115.77  429.07  33.77  46.52  -73.74  12.43  -64.34  559.31  81.82  0.00  0.00  5.86  -26.41  -11.63  -5.92  -115.77  429.07  0.00  0.00  0.00  0.00  0.00  5.86  -144.23  0.00 
4.45  4.07  1.11  4.24  0.56  4.41  0.00  4.38  0.68  4.49  0.10  4.13  1.86  0.29  0.29  0.61  0.20  -0.07  135.24  -136.69  567.74  12.27  59.12  -8.10  16.87  -43.58  563.27  78.62  0.00  0.00  -20.05  -29.20  -19.67  12.30  -136.69  567.74  0.00  0.00  0.00  0.00  0.00  20.05  -25.53  0.00 
4.50  4.12  1.11  4.27  0.56  4.42  0.01  4.35  0.64  4.58  0.09  4.15  1.86  0.26  0.26  0.46  0.40  -0.04  126.27  271.34  774.42  -8.77  175.17  178.96  77.67  86.67  566.41  76.14  0.00  0.00  -61.96  -33.41  -29.12  38.71  271.34  774.42  0.00  0.00  0.00  0.00  0.00  61.96  7.50  0.00 
4.55  4.16  1.11  4.30  0.56  4.43  0.02  4.42  0.60  4.67  0.08  4.18  1.86  0.24  0.24  0.46  0.46  -0.03  126.23  333.88  751.35  -22.66  244.62  158.43  113.16  81.53  568.56  73.08  0.00  0.00  -99.28  -33.60  -21.16  44.19  333.88  751.35  0.00  0.00  276.13  27413.71  0.00  99.28  57.04  0.00 
4.60  4.21  1.11  4.40  0.62  4.46  0.03  4.48  0.59  4.74  0.07  4.23  1.86  0.37  0.09  0.48  0.48  -0.02  132.29  -117.10  651.72  -24.99  109.22  25.24  13.30  9.03  564.33  77.89  0.00  0.00  -101.98  -32.50  -19.16  43.96  -117.10  651.72  0.00  0.00  441.34  45008.58  784.44  101.98  136.46  0.00 
4.65  4.25  1.11  4.48  0.63  4.49  0.04  4.53  0.58  4.81  0.06  4.28  1.86  0.45  0.01  0.48  0.48  -0.04  136.75  -220.35  508.30  -15.03  24.01  4.68  -31.09  -2.68  558.93  77.24  0.00  0.00  -68.16  -29.47  -23.57  37.90  -220.35  508.30  0.00  0.00  172.29  11743.14  556.01  68.16  110.27  0.00 
4.70  4.30  1.11  4.56  0.65  4.54  0.06  4.58  0.58  4.86  0.04  4.35  1.86  0.51  -0.03  0.48  0.48  -0.06  139.50  -99.27  526.74  4.08  69.63  8.81  -11.20  -1.30  553.43  75.26  0.00  0.00  -6.49  -23.91  -30.65  25.60  -99.27  526.74  0.00  0.00  10.35  67.14  446.47  6.49  22.38  0.00 
4.75  4.35  1.11  4.63  0.66  4.60  0.07  4.62  0.57  4.90  0.03  4.42  1.86  0.56  -0.04  0.47  0.47  -0.09  140.68  -20.81  534.73  26.25  75.34  14.52  -9.03  0.67  547.87  74.71  0.00  0.00  65.45  -15.33  -33.06  5.86  -20.81  534.73  0.00  0.00  57.94  3791.59  280.43  65.45  -79.33  0.00 
4.80  4.39  1.11  4.69  0.67  4.68  0.08  4.66  0.56  4.92  0.02  4.48  1.85  0.60  -0.02  0.45  0.45  -0.12  140.76  26.09  536.90  44.45  62.60  21.64  -13.11  3.17  542.78  77.76  0.00  0.00  125.65  -3.54  -22.41  -22.66  26.09  536.90  0.00  0.00  20.48  2573.93  54.22  125.65  -169.15  0.00 
4.85  4.44  1.11  4.75  0.68  4.76  0.09  4.69  0.56  4.94  0.01  4.53  1.85  0.63  0.02  0.43  0.43  -0.13  140.44  33.02  526.46  52.92  36.93  30.20  -21.36  6.21  538.97  85.66  0.00  0.00  155.79  9.77  3.75  -56.77  33.02  526.46  0.00  0.00  102.69  15998.18  211.25  155.79  -222.81  0.00 
4.90  4.48  1.11  4.80  0.69  4.85  0.10  4.72  0.56  4.95  0.00  4.58  1.85  0.64  0.09  0.40  0.40  -0.12  139.93  -29.36  478.51  48.99  -20.81  40.27  -43.51  9.78  537.18  98.32  0.00  0.00  150.35  19.52  35.78  -84.30  -29.36  478.51  0.00  0.00  255.13  38359.04  449.44  150.35  -225.27  0.00 
4.95  4.53  1.11  4.84  0.68  4.95  0.10  4.74  0.56  4.95  0.00  4.61  1.86  0.62  0.19  0.36  0.36  -0.10  138.34  -85.09  505.64  33.88  -26.87  51.73  -48.49  13.83  0.00  0.00  0.00  0.00  -26.41  5.86  -5.92  -11.63  0.00  0.00  0.00  0.00  94.17  2487.05  0.00  26.41  -182.27  0.00 
5.00  4.58  1.11  4.85  0.65  5.04  0.10  4.77  0.56  4.96  0.00  4.63  1.86  0.54  0.34  0.33  0.33  -0.07  132.86  28.10  676.16  12.39  104.19  64.14  30.70  18.19  0.00  0.00  0.00  0.00  -29.20  -20.05  12.30  -19.67  0.00  0.00  0.00  0.00  128.19  3742.99  0.00  29.20  -146.77  0.00 
5.05  4.62  1.11  4.88  0.60  5.13  0.09  4.79  0.56  4.97  0.01  4.65  1.86  0.47  0.47  0.30  0.30  -0.04  129.54  139.30  685.80  -8.67  177.69  76.73  89.65  22.60  0.00  0.00  0.00  0.00  -33.41  -61.96  38.71  -29.12  0.00  0.00  0.00  0.00  65.80  2198.24  0.00  33.41  -109.83  0.00 
5.10  4.67  1.11  4.94  0.60  5.22  0.08  4.82  0.56  4.98  0.02  4.69  1.86  0.49  0.49  0.28  0.28  -0.03  130.94  165.24  669.90  -22.62  82.84  209.78  38.78  92.81  0.00  0.00  0.00  0.00  -33.60  -99.28  44.19  -21.16  0.00  0.00  0.00  0.00  0.00  0.00  0.00  33.60  -71.49  0.00 
5.15  4.71  1.11  5.00  0.59  5.29  0.07  4.86  0.57  5.01  0.03  4.73  1.86  0.51  0.51  0.27  0.27  -0.02  131.72  126.73  671.28  -25.02  8.92  263.89  -1.50  120.36  0.00  0.00  0.00  0.00  -32.50  -101.98  43.96  -19.16  0.00  0.00  0.00  0.00  0.00  0.00  0.00  32.50  -74.41  0.00 
5.20  4.76  1.11  5.06  0.58  5.36  0.06  4.98  0.63  5.04  0.04  4.78  1.86  0.52  0.52  0.43  0.11  -0.04  138.97  -177.47  614.18  -15.11  10.98  78.10  -0.88  -9.37  0.00  0.00  0.00  0.00  -29.47  -68.16  37.90  -23.57  0.00  0.00  0.00  0.00  0.00  0.00  0.00  29.47  -73.65  0.00 
5.25  4.80  1.11  5.11  0.58  5.41  0.04  5.06  0.65  5.09  0.06  4.85  1.86  0.52  0.52  0.50  0.06  -0.06  142.19  -193.10  466.04  3.96  15.03  -5.65  0.48  -44.32  0.00  0.00  0.00  0.00  -23.91  -6.49  25.60  -30.65  0.00  0.00  0.00  0.00  0.00  0.00  0.00  23.91  -107.46  0.00 
5.30  4.85  1.11  5.15  0.57  5.45  0.03  5.13  0.66  5.15  0.07  4.92  1.86  0.50  0.50  0.55  0.04  -0.09  143.44  -40.15  519.62  26.13  20.57  58.24  2.39  -14.47  0.00  0.00  0.00  0.00  -15.33  65.45  5.86  -33.06  0.00  0.00  0.00  0.00  0.00  0.00  0.00  15.33  -201.24  0.00 
5.35  4.90  1.11  5.18  0.56  5.47  0.02  5.19  0.67  5.23  0.08  4.98  1.85  0.49  0.49  0.59  0.06  -0.12  143.28  9.43  521.12  44.37  27.45  46.71  4.81  -17.92  0.00  0.00  0.00  0.00  -3.54  125.65  -22.66  -22.41  0.00  0.00  0.00  0.00  0.00  0.00  0.00  3.54  -265.10  0.00 
5.40  4.94  1.11  5.21  0.56  5.49  0.01  5.25  0.68  5.31  0.09  5.04  1.85  0.46  0.46  0.62  0.11  -0.13  142.40  -3.16  494.86  52.91  35.75  4.03  7.75  -34.34  0.00  0.00  0.00  0.00  9.77  155.79  -56.77  3.75  0.00  0.00  0.00  0.00  0.00  0.00  0.00  9.77  -283.02  0.00 
5.45  4.99  1.11  5.24  0.56  5.50  0.00  5.29  0.68  5.40  0.10  5.08  1.85  0.43  0.43  0.62  0.19  -0.12  140.85  -53.44  483.29  49.04  45.54  -32.85  11.22  -51.01  0.00  0.00  0.00  0.00  19.52  150.35  -84.30  35.78  0.00  0.00  0.00  0.00  0.00  0.00  0.00  19.52  -248.27  0.00 
5.50  5.03  1.11  5.27  0.56  5.50  0.00  5.31  0.66  5.50  0.10  5.11  1.86  0.40  0.40  0.56  0.32  -0.10  136.87  31.30  641.82  33.99  56.74  76.59  15.17  9.26  550.55  104.76  0.00  0.00  5.86  -26.41  -11.63  -5.92  31.30  641.82  0.00  0.00  0.00  0.00  0.00  5.86  -188.73  0.00 
5.55  5.08  1.11  5.29  0.56  5.51  0.00  5.34  0.60  5.59  0.10  5.13  1.86  0.37  0.37  0.47  0.47  -0.07  132.54  189.90  693.88  12.52  68.93  188.32  19.46  92.38  555.05  102.39  0.00  0.00  -20.05  -29.20  -19.67  12.30  189.90  693.88  0.00  0.00  0.00  0.00  0.00  20.05  -122.43  0.00 
5.60  5.12  1.11  5.32  0.56  5.52  0.01  5.40  0.60  5.68  0.09  5.16  1.86  0.34  0.34  0.50  0.50  -0.04  134.62  39.87  634.12  -8.57  81.35  109.76  23.79  51.21  558.71  100.72  0.00  0.00  -61.96  -33.41  -29.12  38.71  39.87  634.12  0.00  0.00  0.00  0.00  0.00  61.96  -5.30  0.00 
5.65  5.17  1.11  5.35  0.56  5.53  0.02  5.47  0.60  5.77  0.08  5.19  1.86  0.32  0.32  0.53  0.53  -0.03  135.95  -49.90  585.74  -22.57  135.25  15.51  50.89  0.54  561.28  98.39  0.00  0.00  -99.28  -33.60  -21.16  44.19  -49.90  585.74  0.00  0.00  0.00  0.00  0.00  99.28  71.88  0.00 
5.70  5.22  1.11  5.39  0.57  5.56  0.03  5.53  0.59  5.84  0.07  5.23  1.86  0.31  0.31  0.54  0.54  -0.02  136.67  66.92  622.28  -25.04  221.49  14.95  96.00  0.23  562.75  94.72  0.00  0.00  -101.98  -32.50  -19.16  43.96  66.92  622.28  0.00  0.00  116.32  11862.38  0.00  101.98  76.83  0.00 
5.75  5.26  1.11  5.45  0.61  5.59  0.04  5.58  0.58  5.91  0.06  5.29  1.86  0.36  0.25  0.55  0.55  -0.04  138.98  5.54  649.42  -15.20  181.38  17.06  64.11  0.87  561.32  93.88  0.00  0.00  -68.16  -29.47  -23.57  37.90  5.54  649.42  0.00  0.00  218.68  14905.56  237.65  68.16  53.24  0.00 
5.80  5.31  1.11  5.55  0.64  5.64  0.06  5.63  0.58  5.96  0.04  5.35  1.86  0.48  0.16  0.55  0.55  -0.06  143.84  -140.29  543.17  3.84  46.21  21.03  -20.07  2.20  554.40  95.63  0.00  0.00  -6.49  -23.91  -30.65  25.60  -140.29  543.17  0.00  0.00  18.57  120.42  498.97  6.49  0.71  0.00 
5.85  5.35  1.11  5.62  0.65  5.70  0.07  5.67  0.57  6.00  0.03  5.42  1.86  0.54  0.14  0.54  0.54  -0.09  145.30  -100.68  479.52  26.01  7.74  26.40  -36.01  4.06  548.59  95.67  0.00  0.00  65.45  -15.33  -33.06  5.86  -100.68  479.52  0.00  0.00  63.90  4182.16  187.47  65.45  -99.12  0.00 
5.90  5.40  1.11  5.69  0.66  5.78  0.08  5.71  0.56  6.02  0.02  5.49  1.85  0.57  0.16  0.52  0.52  -0.12  144.86  -34.85  487.64  44.29  7.67  33.05  -33.84  6.40  543.74  98.39  0.00  0.00  125.65  -3.54  -22.41  -22.66  -34.85  487.64  0.00  0.00  33.47  4205.96  54.36  125.65  -191.80  0.00 
5.95  5.44  1.11  5.74  0.67  5.86  0.09  5.74  0.56  6.04  0.01  5.54  1.85  0.59  0.21  0.49  0.49  -0.13  143.15  -44.89  478.22  52.90  -27.31  41.09  -49.09  9.24  540.70  105.15  0.00  0.00  155.79  9.77  3.75  -56.77  -44.89  478.22  0.00  0.00  299.27  46622.64  343.35  155.79  -242.98  0.00 
6.00  5.49  1.11  5.77  0.66  5.95  0.10  5.77  0.56  6.05  0.00  5.58  1.85  0.55  0.32  0.47  0.47  -0.12  139.47  59.95  620.22  49.10  70.18  50.62  4.83  12.61  540.83  114.83  0.00  0.00  150.35  19.52  35.78  -84.30  59.95  620.22  0.00  0.00  561.92  84484.70  524.74  150.35  -265.56  0.00 
6.05  5.54  1.11  5.79  0.60  6.05  0.10  5.79  0.56  6.05  0.00  5.61  1.86  0.47  0.47  0.44  0.44  -0.10  135.34  227.14  688.23  34.10  184.74  61.55  86.74  16.47  0.00  0.00  0.00  0.00  -26.41  5.86  -5.92  -11.63  0.00  0.00  0.00  0.00  59.79  1578.96  0.00  26.41  -259.70  0.00 
6.10  5.58  1.11  5.86  0.60  6.14  0.10  5.82  0.56  6.06  0.00  5.64  1.86  0.51  0.51  0.41  0.41  -0.07  137.91  88.66  636.22  12.64  117.29  73.50  52.40  20.66  0.00  0.00  0.00  0.00  -29.20  -20.05  12.30  -19.67  0.00  0.00  0.00  0.00  0.00  0.00  0.00  29.20  -180.92  0.00 
6.15  5.63  1.11  5.93  0.60  6.23  0.09  5.85  0.56  6.07  0.01  5.66  1.86  0.54  0.54  0.38  0.38  -0.04  139.95  -80.07  566.67  -8.46  25.02  85.71  3.60  24.91  0.00  0.00  0.00  0.00  -33.41  -61.96  38.71  -29.12  0.00  0.00  0.00  0.00  0.00  0.00  0.00  33.41  -100.10  0.00 
6.20  5.67  1.11  6.00  0.60  6.32  0.08  5.88  0.56  6.08  0.02  5.69  1.86  0.56  0.56  0.36  0.36  -0.03  141.21  -110.45  565.67  -22.52  21.14  97.07  2.13  28.84  0.00  0.00  0.00  0.00  -33.60  -99.28  44.19  -21.16  0.00  0.00  0.00  0.00  0.00  0.00  0.00  33.60  -60.69  0.00 
6.25  5.72  1.11  6.06  0.59  6.39  0.07  5.91  0.57  6.11  0.03  5.74  1.86  0.58  0.58  0.34  0.34  -0.02  141.87  -105.90  564.92  -25.06  20.76  106.21  1.90  31.97  0.00  0.00  0.00  0.00  -32.50  -101.98  43.96  -19.16  0.00  0.00  0.00  0.00  0.00  0.00  0.00  32.50  -59.33  0.00 
6.30  5.76  1.11  6.11  0.58  6.46  0.06  5.95  0.58  6.14  0.04  5.79  1.86  0.58  0.58  0.34  0.34  -0.04  141.98  48.04  604.20  -15.28  22.91  191.49  2.56  77.33  0.00  0.00  0.00  0.00  -29.47  -68.16  37.90  -23.57  0.00  0.00  0.00  0.00  0.00  0.00  0.00  29.47  -107.42  0.00 
6.35  5.81  1.11  6.16  0.58  6.51  0.04  6.00  0.58  6.19  0.06  5.86  1.86  0.58  0.58  0.35  0.35  -0.06  141.33  105.77  637.02  3.71  26.79  197.31  3.86  80.33  0.00  0.00  0.00  0.00  -23.91  -6.49  25.60  -30.65  0.00  0.00  0.00  0.00  0.00  0.00  0.00  23.91  -185.14  0.00 
6.40  5.86  1.11  6.20  0.57  6.55  0.03  6.10  0.64  6.25  0.07  5.92  1.86  0.57  0.57  0.48  0.26  -0.09  145.21  -136.10  510.35  25.89  31.99  -9.45  5.66  -43.06  0.00  0.00  0.00  0.00  -15.33  65.45  5.86  -33.06  0.00  0.00  0.00  0.00  0.00  0.00  0.00  15.33  -219.97  0.00 
6.45  5.90  1.11  6.24  0.56  6.57  0.02  6.16  0.65  6.33  0.08  5.99  1.85  0.55  0.55  0.51  0.28  -0.12  144.39  -122.89  450.22  44.22  38.43  -60.09  7.92  -65.83  0.00  0.00  0.00  0.00  -3.54  125.65  -22.66  -22.41  0.00  0.00  0.00  0.00  0.00  0.00  0.00  3.54  -270.24  0.00 
6.50  5.95  1.11  6.27  0.56  6.59  0.01  6.19  0.64  6.41  0.09  6.04  1.85  0.53  0.53  0.47  0.39  -0.13  139.77  134.21  623.54  52.88  46.22  106.99  10.68  31.96  0.00  0.00  0.00  0.00  9.77  155.79  -56.77  3.75  0.00  0.00  0.00  0.00  0.00  0.00  0.00  9.77  -338.14  0.00 
6.55  5.99  1.11  6.30  0.56  6.60  0.00  6.25  0.60  6.50  0.10  6.09  1.85  0.50  0.50  0.47  0.47  -0.12  138.69  207.59  654.94  49.15  55.48  150.08  13.95  63.76  0.00  0.00  0.00  0.00  19.52  150.35  -84.30  35.78  0.00  0.00  0.00  0.00  0.00  0.00  0.00  19.52  -321.26  0.00 
6.60  6.04  1.11  6.32  0.56  6.60  0.00  6.32  0.60  6.60  0.10  6.12  1.86  0.47  0.47  0.50  0.50  -0.10  140.93  79.97  608.40  34.21  66.15  80.15  17.71  28.60  0.00  0.00  0.00  0.00  63.93  28.60  74.54  -108.75  0.00  0.00  0.00  0.00  0.00  0.00  0.00  63.93  -230.05  0.00 
6.65  6.08  1.11  6.35  0.56  6.61  0.00  6.39  0.60  6.69  0.10  6.14  1.86  0.44  0.44  0.54  0.54  -0.07  143.49  -23.38  572.07  12.77  77.85  37.76  21.80  7.78  0.00  0.00  0.00  0.00  20.99  7.78  32.77  -45.54  0.00  0.00  0.00  0.00  0.00  0.00  0.00  20.99  -117.41  0.00 
6.70  6.13  1.11  6.37  0.56  6.62  0.01  6.46  0.60  6.78  0.09  6.16  1.86  0.42  0.42  0.57  0.57  -0.04  145.47  -78.72  566.06  -8.36  89.82  30.09  25.96  5.02  0.00  0.00  0.00  0.00  -41.12  5.02  43.47  -35.11  0.00  0.00  0.00  0.00  0.00  0.00  0.00  41.12  -15.71  0.00 
6.75  6.18  1.11  6.40  0.56  6.63  0.02  6.52  0.60  6.87  0.08  6.20  1.86  0.39  0.39  0.59  0.59  -0.03  146.67  -109.28  566.13  -22.47  100.93  26.56  29.80  3.68  0.00  0.00  0.00  0.00  -84.77  3.68  52.71  -30.24  0.00  0.00  0.00  0.00  0.00  0.00  0.00  84.77  52.70  0.00 
6.80  6.22  1.11  6.44  0.57  6.66  0.03  6.58  0.59  6.94  0.07  6.24  1.86  0.38  0.38  0.61  0.61  -0.02  147.28  -105.24  566.29  -25.08  109.81  26.35  32.84  3.51  0.00  0.00  0.00  0.00  -97.87  3.51  54.94  -29.86  0.00  0.00  0.00  0.00  0.00  0.00  0.00  97.87  70.63  0.00 
6.85  6.27  1.11  6.48  0.58  6.69  0.04  6.64  0.58  7.01  0.06  6.29  1.86  0.38  0.38  0.61  0.61  -0.04  147.37  -67.72  565.08  -15.37  114.98  28.51  34.57  4.18  0.00  0.00  0.00  0.00  -76.90  4.18  48.05  -32.68  0.00  0.00  0.00  0.00  0.00  0.00  0.00  76.90  34.10  0.00 
6.90  6.31  1.11  6.53  0.58  6.74  0.06  6.69  0.58  7.06  0.04  6.36  1.86  0.39  0.39  0.61  0.61  -0.06  146.75  -8.45  567.60  3.59  115.17  32.29  34.57  5.45  0.00  0.00  0.00  0.00  -27.85  5.45  34.15  -37.74  0.00  0.00  0.00  0.00  0.00  0.00  0.00  27.85  -46.69  0.00 
6.95  6.36  1.11  6.58  0.59  6.80  0.07  6.73  0.57  7.10  0.03  6.43  1.86  0.40  0.40  0.60  0.60  -0.09  145.40  53.26  578.34  25.77  109.68  37.34  32.61  7.19  0.00  0.00  0.00  0.00  34.53  7.19  18.76  -44.53  0.00  0.00  0.00  0.00  0.00  0.00  0.00  34.53  -148.32  0.00 
7.00  6.41  1.11  6.64  0.60  6.88  0.08  6.76  0.56  7.12  0.02  6.49  1.85  0.43  0.43  0.58  0.58  -0.12  143.94  97.28  593.42  44.14  98.83  43.58  28.81  9.39  0.00  0.00  0.00  0.00  90.69  9.39  8.83  -52.96  0.00  0.00  0.00  0.00  0.00  0.00  0.00  90.69  -240.05  0.00 
7.05  6.45  1.11  6.71  0.60  6.96  0.09  6.79  0.56  7.14  0.01  6.55  1.85  0.46  0.46  0.56  0.56  -0.13  143.40  110.12  602.36  52.87  84.16  51.14  23.69  12.05  0.00  0.00  0.00  0.00  122.79  12.05  10.33  -63.19  0.00  0.00  0.00  0.00  0.00  0.00  0.00  122.79  -294.28  0.00 
7.10  6.50  1.11  6.77  0.60  7.05  0.10  6.82  0.56  7.15  0.00  6.59  1.85  0.50  0.50  0.53  0.53  -0.12  144.42  88.66  598.06  49.21  68.16  60.14  18.11  15.23  0.00  0.00  0.00  0.00  121.24  15.23  26.16  -75.37  0.00  0.00  0.00  0.00  0.00  0.00  0.00  121.24  -296.76  0.00 
7.15  6.54  1.11  6.84  0.60  7.15  0.10  6.85  0.56  7.15  0.00  6.62  1.86  0.54  0.54  0.50  0.50  -0.10  146.69  39.64  583.99  34.31  53.50  70.54  12.98  18.89  0.00  0.00  0.00  0.00  88.35  18.89  55.11  -89.42  0.00  0.00  0.00  0.00  0.00  0.00  0.00  88.35  -252.30  0.00 
7.20  6.59  1.11  6.91  0.60  7.24  0.10  6.87  0.56  7.16  0.00  6.64  1.86  0.57  0.57  0.48  0.48  -0.07  149.22  -22.16  570.75  12.89  42.16  81.96  8.98  22.88  0.00  0.00  0.00  0.00  37.59  22.88  91.95  -104.85  0.00  0.00  0.00  0.00  0.00  0.00  0.00  37.59  -182.86  0.00 
7.25  6.63  1.11  6.98  0.60  7.33  0.09  6.90  0.56  7.17  0.01  6.67  1.86  0.60  0.60  0.45  0.45  -0.04  151.15  -77.37  565.60  -8.25  35.00  93.67  6.40  26.94  0.00  0.00  0.00  0.00  -12.47  26.94  128.86  -120.61  0.00  0.00  0.00  0.00  0.00  0.00  0.00  12.47  -117.14  0.00 
7.30  6.68  1.11  7.05  0.60  7.42  0.08  6.93  0.56  7.18  0.02  6.70  1.86  0.62  0.62  0.43  0.43  -0.03  152.29  -108.22  566.65  -22.42  31.78  104.51  5.17  30.68  0.00  0.00  0.00  0.00  -46.01  30.68  157.61  -135.19  0.00  0.00  0.00  0.00  0.00  0.00  0.00  46.01  -77.62  0.00 
7.35  6.73  1.11  7.11  0.59  7.49  0.07  6.97  0.57  7.21  0.03  6.74  1.86  0.64  0.64  0.42  0.42  -0.02  152.85  -104.80  567.63  -25.10  31.70  113.10  5.05  33.62  0.00  0.00  0.00  0.00  -54.10  33.62  171.82  -146.71  0.00  0.00  0.00  0.00  0.00  0.00  0.00  54.10  -75.08  0.00 
7.40  6.77  1.11  7.16  0.58  7.56  0.06  7.01  0.58  7.24  0.04  6.80  1.86  0.64  0.64  0.42  0.42  -0.04  152.93  -68.02  566.80  -15.45  33.85  117.95  5.73  35.24  0.00  0.00  0.00  0.00  -34.50  35.24  168.64  -153.19  0.00  0.00  0.00  0.00  0.00  0.00  0.00  34.50  -110.68  0.00 
7.45  6.82  1.11  7.21  0.58  7.61  0.04  7.05  0.58  7.29  0.06  6.86  1.86  0.64  0.64  0.42  0.42  -0.06  152.33  -9.43  569.15  3.47  37.55  117.82  6.97  35.13  0.00  0.00  0.00  0.00  8.60  35.13  149.48  -152.95  0.00  0.00  0.00  0.00  0.00  0.00  0.00  8.60  -177.36  0.00 
7.50  6.86  1.11  7.25  0.57  7.65  0.03  7.11  0.59  7.35  0.07  6.93  1.86  0.63  0.63  0.44  0.44  -0.09  151.05  51.90  579.18  25.65  42.44  112.09  8.66  33.10  0.00  0.00  0.00  0.00  63.48  33.10  119.54  -145.19  0.00  0.00  0.00  0.00  0.00  0.00  0.00  63.48  -257.35  0.00 
7.55  6.91  1.11  7.29  0.56  7.67  0.02  7.17  0.60  7.43  0.08  7.00  1.85  0.61  0.61  0.47  0.47  -0.12  149.67  95.98  593.28  44.06  48.49  101.20  10.79  29.29  0.00  0.00  0.00  0.00  112.15  29.29  86.43  -130.49  0.00  0.00  0.00  0.00  0.00  0.00  0.00  112.15  -323.32  0.00 
7.60  6.95  1.11  7.32  0.56  7.69  0.01  7.23  0.60  7.51  0.09  7.05  1.85  0.59  0.59  0.50  0.50  -0.13  149.21  83.26  599.30  45.63  58.37  86.86  14.21  24.29  0.00  0.00  0.00  0.00  113.19  24.29  65.53  -111.15  0.00  0.00  0.00  0.00  0.00  0.00  0.00  113.19  -311.95  0.00 
7.65  7.00  1.11  7.35  0.56  7.70  0.00  7.30  0.60  7.60  0.10  7.09  1.85  0.56  0.56  0.54  0.54  -0.12  150.27  55.16  597.18  38.57  63.32  81.34  16.04  22.19  0.00  0.00  0.00  0.00  87.14  22.19  64.96  -103.53  0.00  0.00  0.00  0.00  0.00  0.00  0.00  87.14  -264.60  0.00 
