0.00  0.00  1.11  -0.12  0.56  -0.25  0.00  0.12  0.56  0.25  0.00  0.08  1.86  -0.22  -0.22  0.22  0.22  -0.10  105.33  390.58  838.35  17.55  193.31  29.04  87.02  7.61  570.72  -98.40  0.00  0.00  -96.29  7.61  19.11  -36.65  390.58  838.35  0.00  0.00  0.22  0.05  0.00 
0.05  0.05  1.11  0.06  0.58  -0.25  0.08  0.15  0.56  0.25  0.00  0.10  1.86  0.02  -0.54  0.18  0.18  -0.07  106.63  510.86  1053.54  7.37  419.75  88.73  -13.04  41.93  559.13  -86.22  0.00  0.00  -227.86  41.93  123.28  -130.66  510.86  1053.54  0.00  0.00  0.58  0.32  0.59 
0.10  0.09  1.11  0.29  0.62  -0.17  0.24  0.17  0.56  0.25  0.00  0.12  1.86  0.38  -0.89  0.14  0.14  -0.04  124.65  29.91  879.93  -9.59  219.29  106.85  -184.73  53.46  514.43  -48.91  0.00  0.00  -182.60  53.46  169.90  -160.31  29.91  879.93  0.00  0.00  0.41  0.18  0.98 
0.15  0.14  1.11  0.48  0.71  -0.00  0.38  0.24  0.59  0.25  0.00  0.16  1.86  0.72  -0.98  0.19  0.02  -0.02  153.26  -843.02  -17.14  -23.03  -544.72  -4.47  -88.03  -17.40  470.30  4.19  0.00  0.00  161.44  -17.40  1.16  21.88  -843.02  -17.14  0.00  0.00  0.15  0.06  0.01 
0.20  0.18  1.11  0.62  0.80  0.20  0.38  0.28  0.59  0.25  0.00  0.20  1.86  0.95  -0.77  0.19  -0.05  -0.02  172.03  -886.20  -803.70  -24.80  -905.49  -55.38  62.83  -45.07  458.38  54.44  0.00  0.00  291.88  -45.07  -75.64  100.45  -886.20  -803.70  0.00  0.00  0.20  0.14  0.38 
0.25  0.23  1.11  0.64  0.77  0.37  0.24  0.31  0.59  0.25  0.00  0.26  1.86  0.88  -0.47  0.16  -0.11  -0.04  156.34  -1056.40  -271.03  -14.33  -690.43  -22.65  -175.87  -28.07  494.65  77.06  0.00  0.00  206.16  -28.07  -36.39  50.72  -1056.40  -271.03  0.00  0.00  0.42  0.21  0.29 
0.30  0.27  1.11  0.55  0.66  0.45  0.08  0.34  0.58  0.25  0.00  0.32  1.86  0.55  -0.17  0.12  -0.15  -0.06  120.95  -210.80  1230.06  5.05  57.27  189.80  -160.64  83.54  549.40  60.93  0.00  0.00  -55.33  83.54  268.28  -273.34  -210.80  1230.06  0.00  0.00  0.13  0.02  0.84 
0.35  0.32  1.11  0.42  0.59  0.45  0.00  0.35  0.58  0.25  0.00  0.39  1.86  0.19  0.05  0.06  -0.17  -0.09  100.46  1479.04  935.01  27.20  488.31  548.60  250.34  248.90  575.52  20.23  0.00  0.00  -298.43  248.90  770.31  -797.51  1479.04  935.01  0.00  0.00  0.30  0.21  0.05 
0.40  0.37  1.11  0.47  0.59  0.45  0.00  0.52  0.60  0.25  0.08  0.45  1.85  0.19  -0.03  0.29  -0.47  -0.12  107.94  1053.91  1267.74  45.07  250.88  722.90  111.69  53.57  574.84  3.59  0.00  0.00  -229.44  53.57  731.40  -776.47  1053.91  1267.74  0.00  0.00  0.06  0.03  0.03 
0.45  0.41  1.11  0.50  0.59  0.45  0.00  0.72  0.68  0.33  0.24  0.51  1.85  0.17  -0.09  0.63  -0.74  -0.13  133.43  -159.86  746.46  53.02  -26.47  144.02  -30.14  -182.68  574.78  -11.46  0.00  0.00  99.47  -182.68  -91.68  38.66  -159.86  746.46  0.00  0.00  0.01  0.00  0.01 
0.50  0.46  1.11  0.53  0.58  0.45  0.00  0.90  0.81  0.50  0.38  0.55  1.85  0.13  -0.14  0.98  -0.75  -0.12  168.40  -583.81  -340.00  48.53  -24.32  -658.48  -28.36  -48.70  575.34  -23.39  0.00  0.00  412.13  -48.70  -755.70  707.18  -583.81  -340.00  0.00  0.00  0.01  0.01  0.00 
0.55  0.50  1.11  0.55  0.58  0.45  0.00  0.99  0.90  0.70  0.38  0.58  1.86  0.08  -0.17  1.16  -0.50  -0.10  186.33  -514.09  -1032.21  33.01  -59.50  -1012.38  -44.88  53.70  0.00  0.00  0.00  0.00  7.61  -96.29  -36.65  19.11  0.00  0.00  0.00  0.00  0.00  0.00  0.00 
0.60  0.55  1.11  0.56  0.58  0.45  0.00  0.99  0.82  0.87  0.24  0.60  1.86  0.01  -0.18  1.00  -0.21  -0.07  163.90  -1224.70  -74.83  11.39  -121.84  -625.08  -60.01  -292.36  0.00  0.00  0.00  0.00  41.93  -227.86  -130.66  123.28  0.00  0.00  0.00  0.00  0.02  0.00  0.00 
0.65  0.59  1.11  0.54  0.58  0.45  0.00  0.88  0.66  0.95  0.08  0.63  1.86  -0.11  -0.15  0.56  0.12  -0.04  122.40  -181.55  1398.45  -9.49  156.58  122.87  107.71  -61.09  0.00  0.00  0.00  0.00  53.46  -182.60  -160.31  169.90  0.00  0.00  0.00  0.00  0.02  0.00  0.00 
0.70  0.64  1.11  0.52  0.56  0.39  0.00  0.77  0.56  0.89  0.00  0.66  1.86  -0.22  -0.22  0.22  0.22  -0.02  108.40  1573.22  658.81  -22.99  614.75  578.33  323.61  286.98  0.00  0.00  0.00  0.00  -17.40  161.44  21.88  1.16  0.00  0.00  0.00  0.00  0.02  0.00  0.00 
0.75  0.69  1.11  0.70  0.58  0.39  0.08  0.79  0.56  0.89  0.00  0.70  1.86  0.02  -0.54  0.18  0.18  -0.02  108.11  1220.89  1188.86  -24.83  724.39  361.38  106.37  167.84  0.00  0.00  0.00  0.00  -45.07  291.88  100.45  -75.64  0.00  0.00  0.00  0.00  0.11  0.01  0.00 
0.80  0.73  1.11  0.93  0.62  0.47  0.24  0.81  0.56  0.89  0.00  0.76  1.86  0.38  -0.89  0.14  0.14  -0.04  124.81  15.37  880.88  -14.42  219.29  106.85  -184.73  53.46  0.00  0.00  0.00  0.00  -28.07  206.16  50.72  -36.39  0.00  0.00  0.00  0.00  0.06  0.00  0.00 
0.85  0.78  1.11  1.13  0.71  0.64  0.38  0.88  0.59  0.89  0.00  0.82  1.86  0.72  -0.98  0.19  0.02  -0.06  152.19  -758.86  -21.30  4.93  -544.72  -4.47  -88.03  -17.40  0.00  0.00  0.00  0.00  83.54  -55.33  -273.34  268.28  0.00  0.00  0.00  0.00  0.08  0.02  0.00 
0.90  0.82  1.11  1.26  0.80  0.84  0.38  0.92  0.59  0.89  0.00  0.89  1.86  0.95  -0.77  0.19  -0.05  -0.09  169.41  -730.43  -802.76  27.08  -905.49  -55.38  62.83  -45.07  0.00  0.00  0.00  0.00  248.90  -298.43  -797.51  770.31  0.00  0.00  0.00  0.00  0.17  0.11  0.00 
0.95  0.87  1.11  1.28  0.77  1.01  0.24  0.95  0.59  0.89  0.00  0.96  1.85  0.88  -0.47  0.16  -0.11  -0.12  152.35  -879.12  -256.18  45.00  -690.43  -22.65  -175.87  -28.07  0.00  0.00  0.00  0.00  53.57  -229.44  -776.47  731.40  0.00  0.00  0.00  0.00  0.11  0.01  0.00 
1.00  0.92  1.11  1.19  0.66  1.09  0.08  0.98  0.58  0.89  0.00  1.01  1.85  0.55  -0.17  0.12  -0.15  -0.13  116.94  -68.42  1252.82  53.01  57.27  189.80  -160.64  83.54  0.00  0.00  0.00  0.00  -182.68  99.47  38.66  -91.68  0.00  0.00  0.00  0.00  0.44  0.20  0.00 
1.05  0.96  1.11  1.06  0.59  1.09  0.00  0.99  0.58  0.89  0.00  1.05  1.85  0.19  0.05  0.06  -0.17  -0.12  98.45  1542.23  948.25  48.58  488.31  548.60  250.34  248.90  0.00  0.00  0.00  0.00  -48.70  412.13  707.18  -755.70  0.00  0.00  0.00  0.00  0.05  0.01  0.00 
1.10  1.01  1.11  1.11  0.59  1.09  0.00  1.16  0.60  0.89  0.08  1.08  1.86  0.19  -0.03  0.29  -0.47  -0.10  109.08  1018.64  1260.11  33.12  250.88  722.90  111.69  53.57  575.28  7.57  0.00  0.00  -96.29  7.61  19.11  -36.65  1018.64  1260.11  0.00  0.00  0.02  0.01  0.03 
1.15  1.05  1.11  1.14  0.59  1.09  0.00  1.36  0.68  0.97  0.24  1.11  1.86  0.17  -0.09  0.63  -0.74  -0.07  137.06  -282.87  724.58  11.52  -26.47  144.02  -30.14  -182.68  576.17  2.39  0.00  0.00  -227.86  41.93  123.28  -130.66  -282.87  724.58  0.00  0.00  0.02  0.01  0.01 
1.20  1.10  1.11  1.17  0.58  1.09  0.00  1.54  0.81  1.14  0.38  1.13  1.86  0.13  -0.14  0.98  -0.75  -0.04  172.59  -756.55  -358.52  -9.39  -24.32  -658.48  -28.36  -48.70  576.95  -4.04  0.00  0.00  -182.60  53.46  169.90  -160.31  -756.55  -358.52  0.00  0.00  0.00  0.00  0.00 
1.25  1.14  1.11  1.19  0.58  1.09  0.00  1.63  0.90  1.34  0.38  1.16  1.86  0.08  -0.17  1.16  -0.50  -0.02  189.41  -681.92  -1036.80  -22.94  -59.50  -1012.38  -44.88  53.70  577.47  -13.85  0.00  0.00  161.44  -17.40  1.16  21.88  -681.92  -1036.80  0.00  0.00  0.02  0.01  0.01 
1.30  1.19  1.11  1.20  0.58  1.09  0.00  1.63  0.82  1.51  0.24  1.21  1.86  0.01  -0.18  1.00  -0.21  -0.02  165.39  -1333.71  -70.82  -24.85  -121.84  -625.08  -60.01  -292.36  577.70  -28.75  0.00  0.00  291.88  -45.07  -75.64  100.45  -1333.71  -70.82  0.00  0.00  0.12  0.08  0.00 
1.35  1.24  1.11  1.18  0.58  1.09  0.00  1.52  0.66  1.59  0.08  1.26  1.86  -0.11  -0.15  0.56  0.12  -0.04  122.58  -196.66  1399.44  -14.51  156.58  122.87  107.71  -61.09  577.23  -51.13  0.00  0.00  206.16  -28.07  -36.39  50.72  -196.66  1399.44  0.00  0.00  0.08  0.04  0.01 
1.40  1.28  1.11  1.16  0.56  1.03  0.00  1.41  0.56  1.53  0.00  1.33  1.86  -0.22  -0.22  0.22  0.22  -0.06  107.34  1656.88  654.65  4.81  614.75  578.33  323.61  286.98  571.49  -89.01  0.00  0.00  -55.33  83.54  268.28  -273.34  1656.88  654.65  0.00  0.00  0.06  0.01  0.00 
1.45  1.33  1.11  1.34  0.58  1.03  0.08  1.43  0.56  1.53  0.00  1.40  1.86  0.02  -0.54  0.18  0.18  -0.09  105.50  1376.39  1189.74  26.96  724.39  361.38  106.37  167.84  558.70  -91.46  0.00  0.00  -298.43  248.90  770.31  -797.51  1376.39  1189.74  0.00  0.00  0.76  0.55  0.67 
1.50  1.37  1.11  1.57  0.62  1.11  0.24  1.45  0.56  1.53  0.00  1.46  1.85  0.38  -0.89  0.14  0.14  -0.12  120.82  192.69  895.67  44.92  219.29  106.85  -184.73  53.46  512.96  -67.12  0.00  0.00  -229.44  53.57  731.40  -776.47  192.69  895.67  0.00  0.00  0.52  0.29  1.00 
1.55  1.42  1.11  1.77  0.71  1.28  0.38  1.52  0.59  1.53  0.00  1.51  1.85  0.72  -0.98  0.19  0.02  -0.13  148.18  -616.14  1.45  53.00  -544.72  -4.47  -88.03  -17.40  468.35  -21.22  0.00  0.00  99.47  -182.68  -91.68  38.66  -616.14  1.45  0.00  0.00  0.09  0.02  0.00 
1.60  1.46  1.11  1.90  0.80  1.49  0.38  1.56  0.59  1.53  0.00  1.56  1.85  0.95  -0.77  0.19  -0.05  -0.12  167.38  -666.72  -789.42  48.64  -905.49  -55.38  62.83  -45.07  456.60  29.89  0.00  0.00  412.13  -48.70  -755.70  707.18  -666.72  -789.42  0.00  0.00  0.29  0.29  0.37 
1.65  1.51  1.11  1.92  0.77  1.65  0.24  1.59  0.59  1.53  0.00  1.59  1.86  0.88  -0.47  0.16  -0.11  -0.10  153.47  -913.84  -263.69  33.23  -690.43  -22.65  -175.87  -28.07  0.00  0.00  0.00  0.00  7.61  -96.29  -36.65  19.11  0.00  0.00  0.00  0.00  0.02  0.00  0.00 
1.70  1.56  1.11  1.83  0.66  1.73  0.08  1.62  0.58  1.53  0.00  1.61  1.86  0.55  -0.17  0.12  -0.15  -0.07  120.56  -191.03  1230.96  11.64  57.27  189.80  -160.64  83.54  0.00  0.00  0.00  0.00  41.93  -227.86  -130.66  123.28  0.00  0.00  0.00  0.00  0.10  0.01  0.00 
1.75  1.60  1.11  1.70  0.59  1.73  0.00  1.63  0.58  1.53  0.00  1.63  1.86  0.19  0.05  0.06  -0.17  -0.04  102.64  1369.62  929.67  -9.28  488.31  548.60  250.34  248.90  0.00  0.00  0.00  0.00  53.46  -182.60  -160.31  169.90  0.00  0.00  0.00  0.00  0.05  0.01  0.00 
1.80  1.65  1.11  1.75  0.59  1.73  0.00  1.80  0.60  1.53  0.08  1.67  1.86  0.19  -0.03  0.29  -0.47  -0.02  112.17  850.63  1255.45  -22.90  250.88  722.90  111.69  53.57  0.00  0.00  0.00  0.00  -17.40  161.44  21.88  1.16  0.00  0.00  0.00  0.00  0.00  0.00  0.00 
1.85  1.69  1.11  1.78  0.59  1.73  0.00  2.01  0.68  1.61  0.24  1.71  1.86  0.17  -0.09  0.63  -0.74  -0.02  138.56  -392.34  728.58  -24.88  -26.47  144.02  -30.14  -182.68  0.00  0.00  0.00  0.00  -45.07  291.88  100.45  -75.64  0.00  0.00  0.00  0.00  0.00  0.00  0.00 
1.90  1.74  1.11  1.81  0.58  1.73  0.00  2.18  0.81  1.78  0.38  1.77  1.86  0.13  -0.14  0.98  -0.75  -0.04  172.77  -772.23  -357.49  -14.59  -24.32  -658.48  -28.36  -48.70  0.00  0.00  0.00  0.00  -28.07  206.16  50.72  -36.39  0.00  0.00  0.00  0.00  0.00  0.00  0.00 
1.95  1.78  1.11  1.83  0.58  1.73  0.00  2.27  0.90  1.99  0.38  1.83  1.86  0.08  -0.17  1.16  -0.50  -0.06  188.35  -598.76  -1040.95  4.69  -59.50  -1012.38  -44.88  53.70  0.00  0.00  0.00  0.00  83.54  -55.33  -273.34  268.28  0.00  0.00  0.00  0.00  0.01  0.00  0.00 
2.00  1.83  1.11  1.84  0.58  1.73  0.00  2.28  0.82  2.15  0.24  1.90  1.86  0.01  -0.18  1.00  -0.21  -0.09  162.79  -1178.49  -70.00  26.84  -121.84  -625.08  -60.01  -292.36  0.00  0.00  0.00  0.00  248.90  -298.43  -797.51  770.31  0.00  0.00  0.00  0.00  0.10  0.06  0.00 
2.05  1.88  1.11  1.82  0.58  1.73  0.00  2.16  0.66  2.23  0.08  1.96  1.85  -0.11  -0.15  0.56  0.12  -0.12  118.59  -19.31  1414.14  44.84  156.58  122.87  107.71  -61.09  0.00  0.00  0.00  0.00  53.57  -229.44  -776.47  731.40  0.00  0.00  0.00  0.00  0.02  0.00  0.00 
2.10  1.92  1.11  1.80  0.56  1.67  0.00  2.05  0.56  2.17  0.00  2.02  1.85  -0.22  -0.22  0.22  0.22  -0.13  103.32  1799.93  677.40  52.99  614.75  578.33  323.61  286.98  0.00  0.00  0.00  0.00  -182.68  99.47  38.66  -91.68  0.00  0.00  0.00  0.00  0.19  0.08  0.00 
2.15  1.97  1.11  1.98  0.58  1.67  0.08  2.07  0.56  2.17  0.00  2.06  1.85  0.02  -0.54  0.18  0.18  -0.12  103.46  1440.61  1203.18  48.70  724.39  361.38  106.37  167.84  0.00  0.00  0.00  0.00  -48.70  412.13  707.18  -755.70  0.00  0.00  0.00  0.00  0.12  0.01  0.00 
2.20  2.01  1.11  2.21  0.62  1.75  0.24  2.09  0.56  2.17  0.00  2.09  1.86  0.38  -0.89  0.14  0.14  -0.10  121.93  158.51  888.26  33.34  219.29  106.85  -184.73  53.46  513.38  -63.26  0.00  0.00  -96.29  7.61  19.11  -36.65  158.51  888.26  0.00  0.00  0.22  0.05  0.99 
2.25  2.06  1.11  2.41  0.71  1.92  0.38  2.16  0.59  2.17  0.00  2.11  1.86  0.72  -0.98  0.19  0.02  -0.07  151.79  -738.34  -20.37  11.77  -544.72  -4.47  -88.03  -17.40  469.73  -7.46  0.00  0.00  -227.86  41.93  123.28  -130.66  -738.34  -20.37  0.00  0.00  0.21  0.12  0.01 
2.30  2.10  1.11  2.54  0.80  2.13  0.38  2.20  0.59  2.17  0.00  2.14  1.86  0.95  -0.77  0.19  -0.05  -0.04  171.58  -839.20  -808.06  -9.18  -905.49  -55.38  62.83  -45.07  458.21  49.21  0.00  0.00  -182.60  53.46  169.90  -160.31  -839.20  -808.06  0.00  0.00  0.13  0.06  0.38 
2.35  2.15  1.11  2.56  0.77  2.29  0.24  2.23  0.59  2.17  0.00  2.17  1.86  0.88  -0.47  0.16  -0.11  -0.02  156.57  -1082.04  -268.43  -22.85  -690.43  -22.65  -175.87  -28.07  494.73  79.92  0.00  0.00  161.44  -17.40  1.16  21.88  -1082.04  -268.43  0.00  0.00  0.33  0.13  0.29 
2.40  2.20  1.11  2.47  0.66  2.37  0.08  2.26  0.58  2.17  0.00  2.21  1.86  0.55  -0.17  0.12  -0.15  -0.02  122.06  -300.94  1234.95  -24.90  57.27  189.80  -160.64  83.54  549.83  70.96  0.00  0.00  291.88  -45.07  -75.64  100.45  -300.94  1234.95  0.00  0.00  0.71  0.50  0.84 
2.45  2.24  1.11  2.34  0.59  2.37  0.00  2.27  0.58  2.17  0.00  2.27  1.86  0.19  0.05  0.06  -0.17  -0.04  102.83  1353.37  930.73  -14.68  488.31  548.60  250.34  248.90  576.43  34.23  0.00  0.00  206.16  -28.07  -36.39  50.72  1353.37  930.73  0.00  0.00  0.21  0.10  0.05 
2.50  2.29  1.11  2.39  0.59  2.37  0.00  2.44  0.60  2.17  0.08  2.33  1.86  0.19  -0.03  0.29  -0.47  -0.06  111.12  933.28  1251.31  4.57  250.88  722.90  111.69  53.57  576.06  17.11  0.00  0.00  -55.33  83.54  268.28  -273.34  933.28  1251.31  0.00  0.00  0.01  0.00  0.03 
2.55  2.33  1.11  2.42  0.59  2.37  0.00  2.65  0.68  2.25  0.24  2.40  1.86  0.17  -0.09  0.63  -0.74  -0.09  135.97  -237.40  729.33  26.72  -26.47  144.02  -30.14  -182.68  575.75  -2.70  0.00  0.00  -298.43  248.90  770.31  -797.51  -237.40  729.33  0.00  0.00  0.03  0.02  0.01 
2.60  2.38  1.11  2.45  0.58  2.37  0.00  2.82  0.81  2.42  0.38  2.47  1.85  0.13  -0.14  0.98  -0.75  -0.12  168.79  -594.84  -342.87  44.76  -24.32  -658.48  -28.36  -48.70  575.49  -22.14  0.00  0.00  -229.44  53.57  731.40  -776.47  -594.84  -342.87  0.00  0.00  0.01  0.00  0.00 
2.65  2.42  1.11  2.47  0.58  2.37  0.00  2.91  0.90  2.63  0.38  2.52  1.85  0.08  -0.17  1.16  -0.50  -0.13  184.33  -455.37  -1018.20  52.97  -59.50  -1012.38  -44.88  53.70  575.52  -39.22  0.00  0.00  99.47  -182.68  -91.68  38.66  -455.37  -1018.20  0.00  0.00  0.01  0.00  0.01 
2.70  2.47  1.11  2.48  0.58  2.37  0.00  2.92  0.82  2.79  0.24  2.56  1.85  0.01  -0.18  1.00  -0.21  -0.12  160.73  -1113.75  -56.46  48.76  -121.84  -625.08  -60.01  -292.36  575.91  -53.35  0.00  0.00  412.13  -48.70  -755.70  707.18  -1113.75  -56.46  0.00  0.00  0.17  0.17  0.00 
2.75  2.52  1.11  2.46  0.58  2.37  0.00  2.80  0.66  2.87  0.08  2.59  1.86  -0.11  -0.15  0.56  0.12  -0.10  119.68  -52.93  1406.85  33.45  156.58  122.87  107.71  -61.09  0.00  0.00  0.00  0.00  7.61  -96.29  -36.65  19.11  0.00  0.00  0.00  0.00  0.00  0.00  0.00 
2.80  2.56  1.11  2.44  0.56  2.31  0.00  2.69  0.56  2.81  0.00  2.62  1.86  -0.22  -0.22  0.22  0.22  -0.07  106.92  1678.14  655.62  11.89  614.75  578.33  323.61  286.98  0.00  0.00  0.00  0.00  41.93  -227.86  -130.66  123.28  0.00  0.00  0.00  0.00  0.04  0.00  0.00 
2.85  2.61  1.11  2.62  0.58  2.31  0.08  2.71  0.56  2.81  0.00  2.64  1.86  0.02  -0.54  0.18  0.18  -0.04  107.65  1268.27  1184.48  -9.08  724.39  361.38  106.37  167.84  0.00  0.00  0.00  0.00  53.46  -182.60  -160.31  169.90  0.00  0.00  0.00  0.00  0.14  0.02  0.00 
2.90  2.65  1.11  2.85  0.62  2.39  0.24  2.73  0.56  2.81  0.00  2.67  1.86  0.38  -0.89  0.14  0.14  -0.03  125.04  -9.86  883.45  -22.80  219.29  106.85  -184.73  53.46  0.00  0.00  0.00  0.00  -17.40  161.44  21.88  1.16  0.00  0.00  0.00  0.00  0.04  0.00  0.00 
2.95  2.70  1.11  3.05  0.71  2.56  0.38  2.80  0.59  2.81  0.00  2.72  1.86  0.72  -0.98  0.19  0.02  -0.02  153.30  -848.70  -16.39  -24.92  -544.72  -4.47  -88.03  -17.40  0.00  0.00  0.00  0.00  -45.07  291.88  100.45  -75.64  0.00  0.00  0.00  0.00  0.04  0.00  0.00 
3.00  2.75  1.11  3.18  0.80  2.77  0.38  2.84  0.59  2.81  0.00  2.77  1.86  0.95  -0.77  0.19  -0.05  -0.04  171.77  -856.01  -806.96  -14.77  -905.49  -55.38  62.83  -45.07  0.00  0.00  0.00  0.00  -28.07  206.16  50.72  -36.39  0.00  0.00  0.00  0.00  0.02  0.00  0.00 
3.05  2.79  1.11  3.20  0.77  2.93  0.24  2.87  0.59  2.81  0.00  2.84  1.86  0.88  -0.47  0.16  -0.11  -0.06  155.53  -999.89  -272.56  4.44  -690.43  -22.65  -175.87  -28.07  0.00  0.00  0.00  0.00  83.54  -55.33  -273.34  268.28  0.00  0.00  0.00  0.00  0.17  0.03  0.00 
3.10  2.84  1.11  3.11  0.66  3.01  0.08  2.90  0.58  2.81  0.00  2.91  1.86  0.55  -0.17  0.12  -0.15  -0.09  119.48  -146.28  1235.64  26.61  57.27  189.80  -160.64  83.54  0.00  0.00  0.00  0.00  248.90  -298.43  -797.51  770.31  0.00  0.00  0.00  0.00  0.60  0.36  0.00 
3.15  2.88  1.11  2.98  0.59  3.01  0.00  2.91  0.58  2.81  0.00  2.97  1.85  0.19  0.05  0.06  -0.17  -0.12  98.85  1530.80  945.28  44.69  488.31  548.60  250.34  248.90  0.00  0.00  0.00  0.00  53.57  -229.44  -776.47  731.40  0.00  0.00  0.00  0.00  0.05  0.01  0.00 
3.20  2.93  1.11  3.03  0.59  3.01  0.00  3.08  0.60  2.81  0.08  3.02  1.85  0.19  -0.03  0.29  -0.47  -0.13  107.09  1077.00  1274.06  52.96  250.88  722.90  111.69  53.57  0.00  0.00  0.00  0.00  -182.68  99.47  38.66  -91.68  0.00  0.00  0.00  0.00  0.04  0.02  0.00 
3.25  2.97  1.11  3.06  0.59  3.01  0.00  3.29  0.68  2.89  0.24  3.07  1.85  0.17  -0.09  0.63  -0.74  -0.12  133.89  -172.13  742.97  48.82  -26.47  144.02  -30.14  -182.68  0.00  0.00  0.00  0.00  -48.70  412.13  707.18  -755.70  0.00  0.00  0.00  0.00  0.00  0.00  0.00 
3.30  3.02  1.11  3.09  0.58  3.01  0.00  3.46  0.81  3.06  0.38  3.10  1.86  0.13  -0.14  0.98  -0.75  -0.10  169.86  -627.92  -350.04  33.56  -24.32  -658.48  -28.36  -48.70  575.90  -18.40  0.00  0.00  -96.29  7.61  19.11  -36.65  -627.92  -350.04  0.00  0.00  0.00  0.00  0.00 
3.35  3.07  1.11  3.11  0.58  3.01  0.00  3.55  0.90  3.27  0.38  3.12  1.86  0.08  -0.17  1.16  -0.50  -0.07  187.92  -576.76  -1039.95  12.02  -59.50  -1012.38  -44.88  53.70  576.90  -25.56  0.00  0.00  -227.86  41.93  123.28  -130.66  -576.76  -1039.95  0.00  0.00  0.03  0.02  0.01 
3.40  3.11  1.11  3.12  0.58  3.01  0.00  3.56  0.82  3.43  0.24  3.14  1.86  0.01  -0.18  1.00  -0.21  -0.04  164.93  -1285.94  -75.23  -8.98  -121.84  -625.08  -60.01  -292.36  577.53  -34.06  0.00  0.00  -182.60  53.46  169.90  -160.31  -1285.94  -75.23  0.00  0.00  0.07  0.03  0.00 
3.45  3.16  1.11  3.10  0.58  3.01  0.00  3.44  0.66  3.51  0.08  3.18  1.86  -0.11  -0.15  0.56  0.12  -0.03  122.80  -221.49  1401.96  -22.76  156.58  122.87  107.71  -61.09  577.31  -48.37  0.00  0.00  161.44  -17.40  1.16  21.88  -221.49  1401.96  0.00  0.00  0.06  0.03  0.01 
3.50  3.20  1.11  3.08  0.56  2.95  0.00  3.33  0.56  3.45  0.00  3.22  1.86  -0.22  -0.22  0.22  0.22  -0.02  108.44  1567.33  659.58  -24.95  614.75  578.33  323.61  286.98  571.91  -79.05  0.00  0.00  291.88  -45.07  -75.64  100.45  1567.33  659.58  0.00  0.00  0.30  0.22  0.00 
3.55  3.25  1.11  3.26  0.58  2.95  0.08  3.35  0.56  3.45  0.00  3.28  1.86  0.02  -0.54  0.18  0.18  -0.04  107.86  1250.89  1185.61  -14.85  724.39  361.38  106.37  167.84  559.60  -77.48  0.00  0.00  206.16  -28.07  -36.39  50.72  1250.89  1185.61  0.00  0.00  0.52  0.26  0.66 
3.60  3.29  1.11  3.49  0.62  3.03  0.24  3.37  0.56  3.45  0.00  3.34  1.86  0.38  -0.89  0.14  0.14  -0.06  124.01  71.77  879.32  4.32  219.29  106.85  -184.73  53.46  514.18  -53.57  0.00  0.00  -55.33  83.54  268.28  -273.34  71.77  879.32  0.00  0.00  0.13  0.02  0.98 
3.65  3.34  1.11  3.69  0.71  3.20  0.38  3.44  0.59  3.45  0.00  3.41  1.86  0.72  -0.98  0.19  0.02  -0.09  150.73  -694.32  -15.76  26.49  -544.72  -4.47  -88.03  -17.40  469.33  -12.38  0.00  0.00  -298.43  248.90  770.31  -797.51  -694.32  -15.76  0.00  0.00  0.28  0.20  0.01 
3.70  3.39  1.11  3.82  0.80  3.41  0.38  3.48  0.59  3.45  0.00  3.47  1.85  0.95  -0.77  0.19  -0.05  -0.12  167.80  -678.55  -792.49  44.61  -905.49  -55.38  62.83  -45.07  456.76  31.24  0.00  0.00  -229.44  53.57  731.40  -776.47  -678.55  -792.49  0.00  0.00  0.16  0.09  0.37 
3.75  3.43  1.11  3.84  0.77  3.57  0.24  3.52  0.59  3.45  0.00  3.53  1.85  0.88  -0.47  0.16  -0.11  -0.13  151.49  -855.84  -249.82  52.95  -690.43  -22.65  -175.87  -28.07  492.79  54.59  0.00  0.00  99.47  -182.68  -91.68  38.66  -855.84  -249.82  0.00  0.00  0.20  0.05  0.27 
3.80  3.48  1.11  3.75  0.66  3.65  0.08  3.54  0.58  3.45  0.00  3.57  1.85  0.55  -0.17  0.12  -0.15  -0.12  117.39  -80.49  1249.38  48.87  57.27  189.80  -160.64  83.54  548.04  46.30  0.00  0.00  412.13  -48.70  -755.70  707.18  -80.49  1249.38  0.00  0.00  1.00  1.00  0.85 
3.85  3.52  1.11  3.62  0.59  3.65  0.00  3.56  0.58  3.45  0.00  3.60  1.86  0.19  0.05  0.06  -0.17  -0.10  99.91  1498.27  938.23  33.67  488.31  548.60  250.34  248.90  0.00  0.00  0.00  0.00  7.61  -96.29  -36.65  19.11  0.00  0.00  0.00  0.00  0.01  0.00  0.00 
3.90  3.57  1.11  3.67  0.59  3.65  0.00  3.72  0.60  3.45  0.08  3.62  1.86  0.19  -0.03  0.29  -0.47  -0.07  110.67  956.03  1252.34  12.14  250.88  722.90  111.69  53.57  0.00  0.00  0.00  0.00  41.93  -227.86  -130.66  123.28  0.00  0.00  0.00  0.00  0.01  0.00  0.00 
3.95  3.61  1.11  3.70  0.59  3.65  0.00  3.93  0.68  3.53  0.24  3.65  1.86  0.17  -0.09  0.63  -0.74  -0.04  138.09  -344.19  724.14  -8.87  -26.47  144.02  -30.14  -182.68  0.00  0.00  0.00  0.00  53.46  -182.60  -160.31  169.90  0.00  0.00  0.00  0.00  0.00  0.00  0.00 
4.00  3.66  1.11  3.73  0.58  3.65  0.00  4.10  0.81  3.70  0.38  3.68  1.86  0.13  -0.14  0.98  -0.75  -0.03  172.99  -796.66  -355.01  -22.71  -24.32  -658.48  -28.36  -48.70  0.00  0.00  0.00  0.00  -17.40  161.44  21.88  1.16  0.00  0.00  0.00  0.00  0.00  0.00  0.00 
4.05  3.71  1.11  3.75  0.58  3.65  0.00  4.19  0.90  3.91  0.38  3.72  1.86  0.08  -0.17  1.16  -0.50  -0.02  189.45  -688.01  -1036.00  -24.97  -59.50  -1012.38  -44.88  53.70  0.00  0.00  0.00  0.00  -45.07  291.88  100.45  -75.64  0.00  0.00  0.00  0.00  0.01  0.00  0.00 
4.10  3.75  1.11  3.76  0.58  3.65  0.00  4.20  0.82  4.07  0.24  3.78  1.86  0.01  -0.18  1.00  -0.21  -0.04  165.14  -1303.89  -74.06  -14.94  -121.84  -625.08  -60.01  -292.36  0.00  0.00  0.00  0.00  -28.07  206.16  50.72  -36.39  0.00  0.00  0.00  0.00  0.01  0.00  0.00 
4.15  3.80  1.11  3.74  0.58  3.65  0.00  4.08  0.66  4.15  0.08  3.84  1.86  -0.11  -0.15  0.56  0.12  -0.06  121.77  -140.36  1397.85  4.20  156.58  122.87  107.71  -61.09  0.00  0.00  0.00  0.00  83.54  -55.33  -273.34  268.28  0.00  0.00  0.00  0.00  0.03  0.01  0.00 
4.20  3.84  1.11  3.72  0.56  3.59  0.00  3.97  0.56  4.09  0.00  3.91  1.86  -0.22  -0.22  0.22  0.22  -0.09  105.88  1721.43  660.15  26.37  614.75  578.33  323.61  286.98  0.00  0.00  0.00  0.00  248.90  -298.43  -797.51  770.31  0.00  0.00  0.00  0.00  0.26  0.16  0.00 
4.25  3.89  1.11  3.90  0.58  3.60  0.08  3.99  0.56  4.09  0.00  3.98  1.85  0.02  -0.54  0.18  0.18  -0.12  103.89  1428.38  1200.01  44.53  724.39  361.38  106.37  167.84  0.00  0.00  0.00  0.00  53.57  -229.44  -776.47  731.40  0.00  0.00  0.00  0.00  0.14  0.02  0.00 
4.30  3.93  1.11  4.13  0.62  3.67  0.24  4.01  0.56  4.09  0.00  4.03  1.85  0.38  -0.89  0.14  0.14  -0.13  119.97  216.15  902.07  52.94  219.29  106.85  -184.73  53.46  0.00  0.00  0.00  0.00  -182.68  99.47  38.66  -91.68  0.00  0.00  0.00  0.00  0.41  0.18  0.00 
4.35  3.98  1.11  4.33  0.71  3.84  0.38  4.08  0.59  4.09  0.00  4.07  1.85  0.72  -0.98  0.19  0.02  -0.12  148.62  -628.01  -1.93  48.93  -544.72  -4.47  -88.03  -17.40  0.00  0.00  0.00  0.00  -48.70  412.13  707.18  -755.70  0.00  0.00  0.00  0.00  0.05  0.01  0.00 
4.40  4.03  1.11  4.46  0.80  4.05  0.38  4.12  0.59  4.09  0.00  4.10  1.86  0.95  -0.77  0.19  -0.05  -0.10  168.84  -710.54  -799.43  33.77  -905.49  -55.38  62.83  -45.07  457.16  34.85  0.00  0.00  -96.29  7.61  19.11  -36.65  -710.54  -799.43  0.00  0.00  0.07  0.02  0.38 
4.45  4.07  1.11  4.48  0.77  4.21  0.24  4.16  0.59  4.09  0.00  4.13  1.86  0.88  -0.47  0.16  -0.11  -0.07  155.07  -976.40  -271.50  12.27  -690.43  -22.65  -175.87  -28.07  494.16  68.16  0.00  0.00  -227.86  41.93  123.28  -130.66  -976.40  -271.50  0.00  0.00  0.46  0.25  0.29 
4.50  4.12  1.11  4.39  0.66  4.29  0.08  4.18  0.58  4.09  0.00  4.15  1.86  0.55  -0.17  0.12  -0.15  -0.04  121.59  -252.41  1230.49  -8.77  57.27  189.80  -160.64  83.54  549.65  65.56  0.00  0.00  -182.60  53.46  169.90  -160.31  -252.41  1230.49  0.00  0.00  0.44  0.20  0.84 
4.55  4.16  1.11  4.26  0.59  4.29  0.00  4.20  0.58  4.09  0.00  4.18  1.86  0.19  0.05  0.06  -0.17  -0.03  103.04  1329.35  933.18  -22.66  488.31  548.60  250.34  248.90  576.51  36.91  0.00  0.00  161.44  -17.40  1.16  21.88  1329.35  933.18  0.00  0.00  0.16  0.06  0.05 
4.60  4.21  1.11  4.31  0.59  4.29  0.00  4.36  0.60  4.10  0.08  4.23  1.86  0.19  -0.03  0.29  -0.47  -0.02  112.21  844.33  1256.27  -24.99  250.88  722.90  111.69  53.57  576.48  27.01  0.00  0.00  291.88  -45.07  -75.64  100.45  844.33  1256.27  0.00  0.00  0.07  0.05  0.03 
4.65  4.25  1.11  4.34  0.59  4.29  0.00  4.57  0.68  4.17  0.24  4.28  1.86  0.17  -0.09  0.63  -0.74  -0.04  138.31  -362.70  725.35  -15.03  -26.47  144.02  -30.14  -182.68  576.65  11.27  0.00  0.00  206.16  -28.07  -36.39  50.72  -362.70  725.35  0.00  0.00  0.02  0.01  0.01 
4.70  4.30  1.11  4.37  0.58  4.29  0.00  4.74  0.81  4.34  0.38  4.35  1.86  0.13  -0.14  0.98  -0.75  -0.06  171.97  -716.04  -359.11  4.08  -24.32  -658.48  -28.36  -48.70  576.71  -8.55  0.00  0.00  -55.33  83.54  268.28  -273.34  -716.04  -359.11  0.00  0.00  0.00  0.00  0.00 
4.75  4.35  1.11  4.39  0.58  4.29  0.00  4.83  0.90  4.55  0.38  4.42  1.86  0.08  -0.17  1.16  -0.50  -0.09  186.90  -534.20  -1035.49  26.25  -59.50  -1012.38  -44.88  53.70  576.51  -30.31  0.00  0.00  -298.43  248.90  770.31  -797.51  -534.20  -1035.49  0.00  0.00  0.04  0.03  0.01 
4.80  4.39  1.11  4.40  0.58  4.29  0.00  4.84  0.82  4.71  0.24  4.48  1.85  0.01  -0.18  1.00  -0.21  -0.12  161.18  -1126.38  -59.74  44.45  -121.84  -625.08  -60.01  -292.36  576.09  -51.92  0.00  0.00  -229.44  53.57  731.40  -776.47  -1126.38  -59.74  0.00  0.00  0.09  0.05  0.00 
4.85  4.44  1.11  4.38  0.58  4.29  0.00  4.72  0.66  4.79  0.08  4.53  1.85  -0.11  -0.15  0.56  0.12  -0.13  117.73  4.35  1420.59  52.92  156.58  122.87  107.71  -61.09  575.37  -73.66  0.00  0.00  99.47  -182.68  -91.68  38.66  4.35  1420.59  0.00  0.00  0.04  0.01  0.01 
4.90  4.48  1.11  4.36  0.56  4.23  0.00  4.61  0.56  4.73  0.00  4.58  1.85  -0.22  -0.22  0.22  0.22  -0.12  103.76  1788.25  674.07  48.99  614.75  578.33  323.61  286.98  570.11  -103.76  0.00  0.00  412.13  -48.70  -755.70  707.18  1788.25  674.07  0.00  0.00  0.43  0.43  0.00 
4.95  4.53  1.11  4.54  0.58  4.24  0.08  4.63  0.56  4.73  0.00  4.61  1.86  0.02  -0.54  0.18  0.18  -0.10  104.91  1396.95  1193.18  33.88  724.39  361.38  106.37  167.84  0.00  0.00  0.00  0.00  7.61  -96.29  -36.65  19.11  0.00  0.00  0.00  0.00  0.02  0.00  0.00 
5.00  4.58  1.11  4.77  0.62  4.31  0.24  4.65  0.56  4.73  0.00  4.63  1.86  0.38  -0.89  0.14  0.14  -0.07  123.53  96.01  880.43  12.39  219.29  106.85  -184.73  53.46  0.00  0.00  0.00  0.00  41.93  -227.86  -130.66  123.28  0.00  0.00  0.00  0.00  0.09  0.01  0.00 
5.05  4.62  1.11  4.97  0.71  4.48  0.38  4.72  0.59  4.73  0.00  4.65  1.86  0.72  -0.98  0.19  0.02  -0.04  152.83  -799.78  -20.88  -8.67  -544.72  -4.47  -88.03  -17.40  0.00  0.00  0.00  0.00  53.46  -182.60  -160.31  169.90  0.00  0.00  0.00  0.00  0.05  0.01  0.00 
5.10  4.67  1.11  5.10  0.80  4.69  0.38  4.76  0.59  4.73  0.00  4.69  1.86  0.95  -0.77  0.19  -0.05  -0.03  171.98  -879.63  -804.55  -22.62  -905.49  -55.38  62.83  -45.07  0.00  0.00  0.00  0.00  -17.40  161.44  21.88  1.16  0.00  0.00  0.00  0.00  0.01  0.00  0.00 
5.15  4.71  1.11  5.12  0.77  4.86  0.24  4.80  0.59  4.73  0.00  4.73  1.86  0.88  -0.47  0.16  -0.11  -0.02  156.61  -1088.54  -267.58  -25.02  -690.43  -22.65  -175.87  -28.07  0.00  0.00  0.00  0.00  -45.07  291.88  100.45  -75.64  0.00  0.00  0.00  0.00  0.09  0.01  0.00 
5.20  4.76  1.11  5.03  0.66  4.93  0.08  4.82  0.58  4.73  0.00  4.78  1.86  0.55  -0.17  0.12  -0.15  -0.04  121.81  -271.49  1231.74  -15.11  57.27  189.80  -160.64  83.54  0.00  0.00  0.00  0.00  -28.07  206.16  50.72  -36.39  0.00  0.00  0.00  0.00  0.07  0.00  0.00 
5.25  4.80  1.11  4.90  0.59  4.93  0.00  4.84  0.58  4.73  0.00  4.85  1.86  0.19  0.05  0.06  -0.17  -0.06  102.03  1409.46  929.08  3.96  488.31  548.60  250.34  248.90  0.00  0.00  0.00  0.00  83.54  -55.33  -273.34  268.28  0.00  0.00  0.00  0.00  0.08  0.02  0.00 
5.30  4.85  1.11  4.95  0.59  4.93  0.00  5.00  0.60  4.74  0.08  4.92  1.86  0.19  -0.03  0.29  -0.47  -0.09  109.67  997.85  1256.72  26.13  250.88  722.90  111.69  53.57  0.00  0.00  0.00  0.00  248.90  -298.43  -797.51  770.31  0.00  0.00  0.00  0.00  0.06  0.04  0.00 
5.35  4.90  1.11  4.98  0.59  4.93  0.00  5.21  0.68  4.81  0.24  4.98  1.85  0.17  -0.09  0.63  -0.74  -0.12  134.36  -185.16  739.59  44.37  -26.47  144.02  -30.14  -182.68  0.00  0.00  0.00  0.00  53.57  -229.44  -776.47  731.40  0.00  0.00  0.00  0.00  0.00  0.00  0.00 
5.40  4.94  1.11  5.01  0.58  4.93  0.00  5.38  0.81  4.98  0.38  5.04  1.85  0.13  -0.14  0.98  -0.75  -0.13  167.92  -571.00  -336.37  52.91  -24.32  -658.48  -28.36  -48.70  0.00  0.00  0.00  0.00  -182.68  99.47  38.66  -91.68  0.00  0.00  0.00  0.00  0.00  0.00  0.00 
5.45  4.99  1.11  5.03  0.58  4.93  0.00  5.47  0.90  5.19  0.38  5.08  1.85  0.08  -0.17  1.16  -0.50  -0.12  184.76  -466.86  -1021.47  49.04  -59.50  -1012.38  -44.88  53.70  0.00  0.00  0.00  0.00  -48.70  412.13  707.18  -755.70  0.00  0.00  0.00  0.00  0.01  0.00  0.00 
5.50  5.03  1.11  5.04  0.58  4.93  0.00  5.48  0.82  5.36  0.24  5.11  1.86  0.01  -0.18  1.00  -0.21  -0.10  162.18  -1157.26  -66.45  33.99  -121.84  -625.08  -60.01  -292.36  576.47  -48.43  0.00  0.00  -96.29  7.61  19.11  -36.65  -1157.26  -66.45  0.00  0.00  0.04  0.01  0.00 
5.55  5.08  1.11  5.02  0.58  4.93  0.00  5.36  0.66  5.43  0.08  5.13  1.86  -0.11  -0.15  0.56  0.12  -0.07  121.28  -115.39  1398.98  12.52  156.58  122.87  107.71  -61.09  576.73  -60.18  0.00  0.00  -227.86  41.93  123.28  -130.66  -115.39  1398.98  0.00  0.00  0.09  0.05  0.01 
5.60  5.12  1.11  5.00  0.56  4.87  0.00  5.25  0.56  5.37  0.00  5.16  1.86  -0.22  -0.22  0.22  0.22  -0.04  107.96  1616.63  655.07  -8.57  614.75  578.33  323.61  286.98  571.73  -84.54  0.00  0.00  -182.60  53.46  169.90  -160.31  1616.63  655.07  0.00  0.00  0.19  0.08  0.00 
5.65  5.17  1.11  5.18  0.58  4.88  0.08  5.27  0.56  5.37  0.00  5.19  1.86  0.02  -0.54  0.18  0.18  -0.03  108.06  1227.68  1187.98  -22.57  724.39  361.38  106.37  167.84  559.68  -74.90  0.00  0.00  161.44  -17.40  1.16  21.88  1227.68  1187.98  0.00  0.00  0.41  0.16  0.67 
5.70  5.22  1.11  5.41  0.62  4.95  0.24  5.29  0.56  5.37  0.00  5.23  1.86  0.38  -0.89  0.14  0.14  -0.02  125.08  -16.58  884.33  -25.04  219.29  106.85  -184.73  53.46  514.59  -43.74  0.00  0.00  291.88  -45.07  -75.64  100.45  -16.58  884.33  0.00  0.00  0.66  0.47  0.99 
5.75  5.26  1.11  5.61  0.71  5.12  0.38  5.36  0.59  5.37  0.00  5.29  1.86  0.72  -0.98  0.19  0.02  -0.04  153.05  -819.43  -19.60  -15.20  -544.72  -4.47  -88.03  -17.40  470.22  1.56  0.00  0.00  206.16  -28.07  -36.39  50.72  -819.43  -19.60  0.00  0.00  0.19  0.10  0.01 
5.80  5.31  1.11  5.74  0.80  5.33  0.38  5.41  0.59  5.37  0.00  5.35  1.86  0.95  -0.77  0.19  -0.05  -0.06  170.98  -800.03  -808.64  3.84  -905.49  -55.38  62.83  -45.07  457.98  44.85  0.00  0.00  -55.33  83.54  268.28  -273.34  -800.03  -808.64  0.00  0.00  0.04  0.01  0.38 
5.85  5.35  1.11  5.76  0.77  5.50  0.24  5.44  0.59  5.37  0.00  5.42  1.86  0.88  -0.47  0.16  -0.11  -0.09  154.08  -935.31  -267.19  26.01  -690.43  -22.65  -175.87  -28.07  493.78  63.57  0.00  0.00  -298.43  248.90  770.31  -797.51  -935.31  -267.19  0.00  0.00  0.60  0.44  0.28 
5.90  5.40  1.11  5.67  0.66  5.57  0.08  5.46  0.58  5.37  0.00  5.49  1.85  0.55  -0.17  0.12  -0.15  -0.12  117.87  -93.92  1245.90  44.29  57.27  189.80  -160.64  83.54  548.22  47.83  0.00  0.00  -229.44  53.57  731.40  -776.47  -93.92  1245.90  0.00  0.00  0.56  0.31  0.85 
5.95  5.44  1.11  5.54  0.59  5.57  0.00  5.48  0.58  5.37  0.00  5.54  1.85  0.19  0.05  0.06  -0.17  -0.13  97.98  1554.82  951.82  52.90  488.31  548.60  250.34  248.90  574.57  11.66  0.00  0.00  99.47  -182.68  -91.68  38.66  1554.82  951.82  0.00  0.00  0.10  0.02  0.05 
6.00  5.49  1.11  5.59  0.59  5.57  0.00  5.64  0.60  5.38  0.08  5.58  1.85  0.19  -0.03  0.29  -0.47  -0.12  107.51  1065.71  1270.84  49.10  250.88  722.90  111.69  53.57  574.67  2.25  0.00  0.00  412.13  -48.70  -755.70  707.18  1065.71  1270.84  0.00  0.00  0.10  0.10  0.03 
6.05  5.54  1.11  5.63  0.59  5.57  0.00  5.85  0.68  5.45  0.24  5.61  1.86  0.17  -0.09  0.63  -0.74  -0.10  135.34  -215.49  733.00  34.10  -26.47  144.02  -30.14  -182.68  0.00  0.00  0.00  0.00  7.61  -96.29  -36.65  19.11  0.00  0.00  0.00  0.00  0.00  0.00  0.00 
6.10  5.58  1.11  5.65  0.58  5.57  0.00  6.02  0.81  5.62  0.38  5.64  1.86  0.13  -0.14  0.98  -0.75  -0.07  171.46  -690.32  -357.94  12.64  -24.32  -658.48  -28.36  -48.70  0.00  0.00  0.00  0.00  41.93  -227.86  -130.66  123.28  0.00  0.00  0.00  0.00  0.00  0.00  0.00 
6.15  5.63  1.11  5.67  0.58  5.57  0.00  6.11  0.90  5.83  0.38  5.66  1.86  0.08  -0.17  1.16  -0.50  -0.04  188.97  -638.33  -1040.53  -8.46  -59.50  -1012.38  -44.88  53.70  0.00  0.00  0.00  0.00  53.46  -182.60  -160.31  169.90  0.00  0.00  0.00  0.00  0.01  0.00  0.00 
6.20  5.67  1.11  5.68  0.58  5.57  0.00  6.12  0.82  6.00  0.24  5.69  1.86  0.01  -0.18  1.00  -0.21  -0.03  165.34  -1326.70  -71.72  -22.52  -121.84  -625.08  -60.01  -292.36  0.00  0.00  0.00  0.00  -17.40  161.44  21.88  1.16  0.00  0.00  0.00  0.00  0.01  0.00  0.00 
6.25  5.72  1.11  5.66  0.58  5.57  0.00  6.00  0.66  6.07  0.08  5.74  1.86  -0.11  -0.15  0.56  0.12  -0.02  122.85  -228.41  1402.87  -25.06  156.58  122.87  107.71  -61.09  0.00  0.00  0.00  0.00  -45.07  291.88  100.45  -75.64  0.00  0.00  0.00  0.00  0.02  0.00  0.00 
6.30  5.76  1.11  5.64  0.56  5.51  0.00  5.89  0.56  6.01  0.00  5.79  1.86  -0.22  -0.22  0.22  0.22  -0.04  108.20  1596.41  656.38  -15.28  614.75  578.33  323.61  286.98  0.00  0.00  0.00  0.00  -28.07  206.16  50.72  -36.39  0.00  0.00  0.00  0.00  0.03  0.00  0.00 
6.35  5.81  1.11  5.82  0.58  5.52  0.08  5.91  0.56  6.01  0.00  5.86  1.86  0.02  -0.54  0.18  0.18  -0.06  107.07  1306.78  1183.91  3.71  724.39  361.38  106.37  167.84  0.00  0.00  0.00  0.00  83.54  -55.33  -273.34  268.28  0.00  0.00  0.00  0.00  0.21  0.04  0.00 
6.40  5.86  1.11  6.05  0.62  5.59  0.24  5.94  0.56  6.01  0.00  5.92  1.86  0.38  -0.89  0.14  0.14  -0.09  122.56  136.37  884.65  25.89  219.29  106.85  -184.73  53.46  0.00  0.00  0.00  0.00  248.90  -298.43  -797.51  770.31  0.00  0.00  0.00  0.00  0.56  0.34  0.00 
6.45  5.90  1.11  6.25  0.71  5.76  0.38  6.00  0.59  6.01  0.00  5.99  1.85  0.72  -0.98  0.19  0.02  -0.12  149.11  -641.84  -5.52  44.22  -544.72  -4.47  -88.03  -17.40  0.00  0.00  0.00  0.00  53.57  -229.44  -776.47  731.40  0.00  0.00  0.00  0.00  0.05  0.01  0.00 
6.50  5.95  1.11  6.38  0.80  5.97  0.38  6.05  0.59  6.01  0.00  6.04  1.85  0.95  -0.77  0.19  -0.05  -0.13  166.92  -654.34  -785.90  52.88  -905.49  -55.38  62.83  -45.07  0.00  0.00  0.00  0.00  -182.68  99.47  38.66  -91.68  0.00  0.00  0.00  0.00  0.13  0.06  0.00 
6.55  5.99  1.11  6.40  0.77  6.14  0.24  6.08  0.59  6.01  0.00  6.09  1.85  0.88  -0.47  0.16  -0.11  -0.12  151.91  -866.93  -252.98  49.15  -690.43  -22.65  -175.87  -28.07  0.00  0.00  0.00  0.00  -48.70  412.13  707.18  -755.70  0.00  0.00  0.00  0.00  0.10  0.01  0.00 
6.60  6.04  1.11  6.31  0.66  6.21  0.08  6.10  0.58  6.01  0.00  6.12  1.86  0.55  -0.17  0.12  -0.15  -0.10  118.83  -123.70  1239.42  34.21  57.27  189.80  -160.64  83.54  0.00  0.00  0.00  0.00  20.62  83.54  239.13  -273.34  0.00  0.00  0.00  0.00  0.05  0.00  0.00 
6.65  6.08  1.11  6.18  0.59  6.21  0.00  6.12  0.58  6.01  0.00  6.14  1.86  0.19  0.05  0.06  -0.17  -0.07  101.51  1435.92  930.29  12.77  488.31  548.60  250.34  248.90  0.00  0.00  0.00  0.00  -338.37  248.90  784.74  -797.51  0.00  0.00  0.00  0.00  0.34  0.28  0.00 
6.70  6.13  1.11  6.23  0.59  6.21  0.00  6.28  0.60  6.02  0.08  6.16  1.86  0.19  -0.03  0.29  -0.47  -0.04  111.72  894.39  1251.71  -8.36  250.88  722.90  111.69  53.57  0.00  0.00  0.00  0.00  -377.07  53.57  784.83  -776.47  0.00  0.00  0.00  0.00  0.09  0.08  0.00 
6.75  6.18  1.11  6.27  0.59  6.21  0.00  6.49  0.68  6.09  0.24  6.20  1.86  0.17  -0.09  0.63  -0.74  -0.03  138.51  -385.10  727.65  -22.47  -26.47  144.02  -30.14  -182.68  0.00  0.00  0.00  0.00  -108.88  -182.68  -16.19  38.66  0.00  0.00  0.00  0.00  0.01  0.00  0.00 
6.80  6.22  1.11  6.29  0.58  6.21  0.00  6.66  0.81  6.26  0.38  6.24  1.86  0.13  -0.14  0.98  -0.75  -0.02  173.04  -803.78  -354.08  -25.08  -24.32  -658.48  -28.36  -48.70  0.00  0.00  0.00  0.00  208.78  -48.70  -682.10  707.18  0.00  0.00  0.00  0.00  0.00  0.00  0.00 
6.85  6.27  1.11  6.31  0.58  6.21  0.00  6.75  0.90  6.47  0.38  6.29  1.86  0.08  -0.17  1.16  -0.50  -0.04  189.21  -659.12  -1039.18  -15.37  -59.50  -1012.38  -44.88  53.70  0.00  0.00  0.00  0.00  565.47  53.70  -943.31  958.68  0.00  0.00  0.00  0.00  0.08  0.11  0.00 
6.90  6.31  1.11  6.32  0.58  6.21  0.00  6.76  0.82  6.64  0.24  6.36  1.86  0.01  -0.18  1.00  -0.21  -0.06  164.36  -1248.12  -75.79  3.59  -121.84  -625.08  -60.01  -292.36  0.00  0.00  0.00  0.00  305.97  -292.36  -921.03  917.44  0.00  0.00  0.00  0.00  0.12  0.09  0.00 
6.95  6.36  1.11  6.30  0.58  6.21  0.00  6.64  0.66  6.71  0.08  6.43  1.86  -0.11  -0.15  0.56  0.12  -0.09  120.33  -75.76  1403.14  25.77  156.58  122.87  107.71  -61.09  0.00  0.00  0.00  0.00  -324.52  -61.09  36.01  -61.78  0.00  0.00  0.00  0.00  0.13  0.10  0.00 
7.00  6.41  1.11  6.28  0.56  6.16  0.00  6.53  0.56  6.66  0.00  6.49  1.85  -0.22  -0.22  0.22  0.22  -0.12  104.26  1774.03  670.38  44.14  614.75  578.33  323.61  286.98  0.00  0.00  0.00  0.00  -501.73  286.98  821.17  -865.31  0.00  0.00  0.00  0.00  0.52  0.64  0.00 
7.05  6.45  1.11  6.46  0.58  6.16  0.08  6.55  0.56  6.66  0.00  6.55  1.85  0.02  -0.54  0.18  0.18  -0.13  103.00  1452.78  1206.63  52.87  724.39  361.38  106.37  167.84  0.00  0.00  0.00  0.00  -327.96  167.84  476.35  -529.22  0.00  0.00  0.00  0.00  0.83  0.66  0.00 
7.10  6.50  1.11  6.69  0.62  6.23  0.24  6.58  0.56  6.66  0.00  6.59  1.85  0.38  -0.89  0.14  0.14  -0.12  120.37  205.26  898.96  49.21  219.29  106.85  -184.73  53.46  0.00  0.00  0.00  0.00  -23.43  53.46  111.10  -160.31  0.00  0.00  0.00  0.00  0.05  0.00  0.00 
7.15  6.54  1.11  6.89  0.71  6.40  0.38  6.64  0.59  6.66  0.00  6.62  1.86  0.72  -0.98  0.19  0.02  -0.10  150.06  -671.07  -11.87  34.31  -544.72  -4.47  -88.03  -17.40  0.00  0.00  0.00  0.00  297.41  -17.40  -56.19  21.88  0.00  0.00  0.00  0.00  0.28  0.20  0.00 
7.20  6.59  1.11  7.02  0.80  6.61  0.38  6.69  0.59  6.66  0.00  6.64  1.86  0.95  -0.77  0.19  -0.05  -0.07  170.45  -772.82  -807.40  12.89  -905.49  -55.38  62.83  -45.07  0.00  0.00  0.00  0.00  366.49  -45.07  -113.34  100.45  0.00  0.00  0.00  0.00  0.26  0.23  0.00 
7.25  6.63  1.11  7.04  0.77  6.78  0.24  6.72  0.59  6.66  0.00  6.67  1.86  0.88  -0.47  0.16  -0.11  -0.04  156.12  -1038.10  -272.16  -8.25  -690.43  -22.65  -175.87  -28.07  0.00  0.00  0.00  0.00  218.60  -28.07  -42.47  50.72  0.00  0.00  0.00  0.00  0.44  0.23  0.00 
7.30  6.68  1.11  6.95  0.66  6.85  0.08  6.74  0.58  6.66  0.00  6.70  1.86  0.55  -0.17  0.12  -0.15  -0.03  122.01  -293.48  1233.99  -22.42  57.27  189.80  -160.64  83.54  0.00  0.00  0.00  0.00  -123.30  83.54  295.76  -273.34  0.00  0.00  0.00  0.00  0.30  0.09  0.00 
7.35  6.73  1.11  6.82  0.59  6.85  0.00  6.76  0.58  6.66  0.00  6.74  1.86  0.19  0.05  0.06  -0.17  -0.02  103.09  1322.02  934.14  -25.10  488.31  548.60  250.34  248.90  0.00  0.00  0.00  0.00  -441.84  248.90  822.61  -797.51  0.00  0.00  0.00  0.00  0.44  0.47  0.00 
7.40  6.77  1.11  6.87  0.59  6.85  0.00  6.92  0.60  6.66  0.08  6.80  1.86  0.19  -0.03  0.29  -0.47  -0.04  111.97  873.04  1253.10  -15.45  250.88  722.90  111.69  53.57  0.00  0.00  0.00  0.00  -396.37  53.57  791.92  -776.47  0.00  0.00  0.00  0.00  0.10  0.09  0.00 
7.45  6.82  1.11  6.91  0.59  6.85  0.00  7.13  0.68  6.73  0.24  6.86  1.86  0.17  -0.09  0.63  -0.74  -0.06  137.53  -307.03  723.59  3.47  -26.47  144.02  -30.14  -182.68  0.00  0.00  0.00  0.00  -37.94  -182.68  -42.13  38.66  0.00  0.00  0.00  0.00  0.00  0.00  0.00 
7.50  6.86  1.11  6.93  0.58  6.85  0.00  7.30  0.81  6.90  0.38  6.93  1.86  0.13  -0.14  0.98  -0.75  -0.09  170.53  -651.42  -353.87  25.65  -24.32  -658.48  -28.36  -48.70  0.00  0.00  0.00  0.00  348.64  -48.70  -732.83  707.18  0.00  0.00  0.00  0.00  0.01  0.01  0.00 
7.55  6.91  1.11  6.95  0.58  6.85  0.00  7.39  0.90  7.11  0.38  7.00  1.85  0.08  -0.17  1.16  -0.50  -0.12  185.28  -481.48  -1025.26  44.06  -59.50  -1012.38  -44.88  53.70  0.00  0.00  0.00  0.00  730.01  53.70  -1002.73  958.68  0.00  0.00  0.00  0.00  0.10  0.18  0.00 
7.60  6.95  1.11  6.96  0.58  6.85  0.00  7.40  0.82  7.28  0.24  7.05  1.85  0.01  -0.18  1.00  -0.21  -0.13  160.28  -1087.36  -195.43  45.63  -82.78  -694.09  -54.90  -292.22  0.00  0.00  0.00  0.00  471.75  -292.22  -1031.94  986.32  0.00  0.00  0.00  0.00  0.19  0.22  0.00 
7.65  7.00  1.11  6.94  0.58  6.85  0.00  7.28  0.66  7.35  0.08  7.09  1.85  -0.11  -0.15  0.56  0.12  -0.12  118.13  -1273.70  1178.42  38.57  -86.28  -426.12  -46.21  -359.46  0.00  0.00  0.00  0.00  89.69  -359.46  -824.15  785.58  0.00  0.00  0.00  0.00  0.05  0.01  0.00 
