    1  -750    25   300  1062   992  1078  1688   133 
    2  -749    25   300  1061   993  1078  1688   133 
    3  -605    25   290  1059   994  1074  1488    57 
    4  -573    27   317  1049   994  1060  1803   103 
    5  -677    26   351  1030  1010  1036  1688   130 
    6  -680   -15   412  1013  1030  1012  7220   522 
    7  -522  -214   397  1011  1047  1004  9948  1363 
    8  -439  -362   443  1010  1034  1005  9904  3314 
    9  -355  -372   533  1010  1024  1004  9852  4552 
   10  -235  -341   575  1010  1025  1004  6556  4673 
   11  -244  -323   607  1010  1012  1004  4600  4308 
   12  -290  -128   638  1010  1011  1004  3230  4037 
   13  -486   -32   637  1010  1002  1004  3621  2159 
   14  -530    -1   567  1010  1002  1004  3426  1257 
   15  -535    20   470  1010  1002  1003  3664   983 
   16  -553    23   470  1011  1002  1016  3639   726 
   17  -465    -8   423  1011  1024  1016  3688   797 
   18  -337   -87   419  1031  1022  1031  8209  1031 
   19  -160   -27   384  1024   993  1005  5985  2626 
   20  -374    28   302  1010   993  1013  1130  1409 
   21  -834    15   299  1031   994  1039  1522   720 
   22 -1479    23   333  1038   994  1049  2242   619 
   23 -1495    27   389  1036   995  1047  3376   377 
   24 -1354    28   326  1047   995  1059  4033   322 
   25  -861    27   301  1047   996  1058  3579   137 
   26  -680    28   298  1042   996  1050  2880   112 
   27  -482    27   310  1039   996  1048  2470   186 
   28  -422    28   332  1040   997  1050  1881   288 
   29  -408    33   344  1041   997  1056  2003   266 
   30  -652    32   339  1042   998  1054  2014   150 
   31  -692    27   459  1037   998  1034  3100   122 
   32  -685  -138   485  1013  1024  1007  3186   505 
   33  -572  -390   416  1011  1028  1003  9928  2813 
   34  -549  -651   417  1010  1035  1003 10037  5321 
   35  -489  -799   457  1010  1048  1002  9909  7396 
   36  -368  -577   536  1010  1036  1003  9940  8676 
   37  -313  -225   559  1010  1018  1003  8887  6384 
   38  -276    37   560  1010  1013  1003  4881  3142 
   39  -372    35   576  1010  1024  1002  3714   640 
   40  -400    33   652  1010  1029  1002  6802   569 
   41  -372    19   604  1010  1031  1011  8263   683 
   42  -128   -16   546  1034  1020  1038  8014   801 
   43  -264    -6   482  1052   994  1057  2680  1192 
   44  -663    21   357  1054   994  1064  1474  1187 
   45 -1388    25   301  1056   995  1063  2006   240 
   46 -1496    27   364  1049   995  1058  3966   140 
   47 -1442    30   351  1053   996  1067  4107   115 
   48  -933    30   314  1053   996  1066  4477   -45 
   49  -611    31   304  1052   996  1066  2975   -89 
   50  -370    30   311  1052   997  1066  2148    15 
   51  -253    33   331  1045   997  1053  1822    16 
   52  -391    30   366  1020   998  1041  1556   126 
   53  -610   -42   522  1014  1010  1019  2209   670 
   54  -599  -289   708  1011  1047  1003  6537  1808 
   55  -510  -739   593  1010  1064  1004  9940  4061 
   56  -364  -758   481  1010  1052  1003  9972  8275 
   57  -351  -664   573  1010  1065  1004 10010  8416 
   58  -337  -138   627  1010  1062  1003  9986  7374 
   59  -258     8   628  1010  1061  1003  9946  2261 
   60  -207    20   632  1010  1055  1002  9594   909 
   61  -150    22   649  1010  1049  1002  7136   687 
   62  -135    20   652  1011  1040  1012  5018   742 
   63  -234     9   623  1044  1000  1052  4022   751 
   64  -441    28   549  1047   992  1055  1921   705 
   65 -1302    19   387  1050   992  1066  1324   127 
   66 -1586    15   367  1051   993  1064  1964   437 
   67 -1675    20   340  1044   993  1056  2852   481 
   68 -1311    19   300  1045   993  1057  2688   535 
   69  -914    21   290  1049   994  1065  2021   331 
   70  -575    20   284  1053   994  1066  2065   375 
   71  -374    20   297  1047   995  1063  1730   324 
   72  -559    22   332  1027   996  1052  1629   392 
   73  -680     4   395  1014  1022  1026  2205   601 
   74  -546  -116   512  1011  1042  1004  9880  1136 
   75  -497  -352   439  1010  1043  1003  9942  2454 
   76  -485  -487   530  1010  1042  1003 10006  4382 
   77  -450  -395   574  1010  1030  1003  9964  5747 
   78  -432  -124   572  1010  1025  1003  9526  4717 
   79  -430   -13   556  1010  1018  1003  8055  2130 
   80  -436    20   552  1010  1013  1002  6518  1127 
   81  -438    23   526  1010  1008  1002  5502   720 
   82  -432   -11   492  1030  1002  1037  4410   785 
   83  -463   -17   375  1042   993  1047  3222  1119 
   84  -739    28   313  1046   993  1055  1520  1407 
   85 -1086    25   331  1045   994  1049  1883   152 
   86 -1308    26   334  1040   994  1049  2591   260 
   87 -1166    28   309  1042   995  1054  2885   324 
   88  -599    28   309  1046   995  1059  3079   268 
   89  -335    28   298  1046   995  1059  1770   155 
   90  -222    31   298  1047   995  1060  1290   153 
   91  -307    34   308  1046   996  1057  1174    47 
   92  -516    35   321  1040   997  1053  1581    -9 
   93  -605    29   430  1015  1014  1030  2311   115 
   94  -551   -11   585  1013  1050  1017  7723   610 
   95  -513   -43   502  1012  1076  1007  9930  1129 
   96  -491   -34   468  1011  1077  1006 10014  1369 
   97  -433    -7   525  1010  1069  1007  9975  1265 
   98  -425    18   561  1010  1064  1012  9984  1004 
   99  -432    23   567  1011  1031  1018  9976   779 
  100  -310    18   569  1013   993  1049  9241   677 
  101  -308    22   549  1034   991  1042   983   748 
  102  -396    21   423  1030   992  1041   697   486 
  103  -525    22   374  1035   992  1047   942   480 
  104  -575    22   326  1036   993  1046  1065   421 
  105  -616    15   286  1040  1008  1052  1404   430 
  106  -612    -2   307  1035  1029  1033  6015   619 
  107  -529   -33   362  1013  1045  1005  9939  1054 
  108  -414   -14   409  1011  1039  1004  9879  1272 
  109  -153    23   448  1010  1035  1004  9767  1154 
  110  -100    25   543  1010  1029  1005  3953   753 
  111  -111    24   581  1010  1022  1020  2427   741 
  112  -209    22   570  1028   997  1031  2340   710 
  113  -364    25   501  1032   991  1040  1444   547 
  114  -655    25   345  1030   991  1048  1033   467 
  115 -1259    29   295  1035   992  1035   958   388 
  116 -1291    29   341  1023   992  1022  1688   269 
  117  -964    29   315  1019   993  1016  1534   438 
  118  -728    28   279  1018   993  1018  1729   488 
  119  -535    28   290  1019   994  1019  1375   559 
  120  -352    29   300  1025   994  1033  1498   517 
  121  -333    29   312  1030   995  1034  1192   493 
  122  -321    30   317  1033   995  1041  1219   316 
  123  -559    31   312  1035   996  1043  1487   317 
  124  -682    31   345  1034  1008  1039  2205   257 
  125  -679   -49   502  1015  1028  1014  6589   344 
  126  -586  -245   514  1011  1055  1003  9981  1815 
  127  -563  -504   432  1010  1058  1003  9971  3779 
  128  -531  -599   539  1010  1059  1003 10005  5843 
  129  -446  -431   552  1010  1044  1003  9961  6773 
  130  -431  -125   543  1010  1033  1003  9929  5177 
  131  -422   -97   555  1010  1039  1003  9753  2211 
  132  -424   -70   583  1010  1026  1003 10028  1920 
  133  -440    19   602  1010  1037  1002  8142  1640 
  134  -441    17   605  1010  1036  1001  9987   827 
  135  -407    20   622  1010  1043  1002  9920   827 
  136  -356    18   607  1011  1027  1020  9935   761 
  137  -253    16   592  1022  1009  1047  6910   770 
  138  -205    19   534  1039   989  1043  2990   743 
  139  -381    17   416  1026   989  1017   620   458 
  140  -641    17   337  1015   990  1025   536   647 
  141 -1275    16   330  1029   990  1034   793   712 
  142 -1463    17   334  1030   991  1037   571   634 
  143 -1438    19   337  1029   991  1037  1109   637 
  144  -971    18   309  1030   992  1039   843   544 
  145  -688    19   282  1037   992  1047  1221   603 
  146  -504    18   295  1036   993  1049  1056   511 
  147  -583    20   316  1026   993  1037  1389   485 
  148  -670     8   394  1014  1006  1020  1406   665 
  149  -572   -42   474  1012  1012  1003  5790   988 
  150  -524  -276   420  1010  1028  1003  6735  1698 
  151  -491  -551   445  1010  1029  1003  9998  3688 
  152  -419  -381   531  1010  1036  1002  9971  6156 
  153  -372  -143   575  1010  1028  1002  9947  4489 
  154  -341    26   615  1010  1027  1002  7569  2410 
  155  -342    25   634  1010  1027  1001  6762   696 
  156  -344    26   617  1010  1021  1003  6814   696 
  157  -362    23   566  1011  1027  1032  5797   724 
  158  -259   -21   531  1041  1015  1051  7122   745 
  159  -300    16   469  1031   991  1027  3821  1539 
  160  -506    12   312  1033   991  1039   956   565 
  161 -1208    13   312  1041   991  1053   966   678 
  162 -1317    14   292  1041   992  1053  1134   686 
  163 -1216    15   334  1042   992  1059  1586   578 
  164  -622    15   305  1051   993  1073  1369   540 
  165  -363    16   290  1057   993  1079  1226   555 
  166  -297    17   284  1053   994  1077  1116   356 
  167  -657    17   300  1038   994  1071  1250   431 
  168  -706    -2   377  1021   995  1052  1768   615 
  169  -639   -92   539  1013  1001  1009  2158  1178 
  170  -602  -362   505  1011  1022  1003  4002  2235 
  171  -561  -419   397  1010  1022  1003  9975  4607 
  172  -490  -192   476  1010  1025  1003  9362  4916 
  173  -376     5   487  1010  1020  1003  9048  2762 
  174  -364    22   533  1010  1023  1002  6128   925 
  175  -366    21   584  1010  1026  1002  6428   748 
  176  -321    22   625  1010  1022  1002  7026   793 
  177  -304    22   600  1010  1021  1002  5602   725 
  178  -260   -11   556  1011  1033  1037  5166   696 
  179  -259   -42   549  1038  1018  1047  6121  1102 
  180  -396    20   530  1033   993  1037  4295  1991 
  181 -1020    19   274  1036   993  1051  1323   499 
  182 -1139    19   354  1044   993  1058  2086   515 
  183 -1129    22   377  1045   994  1060  2122   453 
  184  -775    21   319  1051   994  1068  2501   413 
  185  -527    22   309  1053   995  1068  1799   300 
  186  -313    22   304  1055   995  1072  1603   242 
  187  -118    23   306  1052   995  1065  1200   199 
  188  -102    25   309  1036   996  1060   798   293 
  189  -103    22   451  1019  1000  1044   819   368 
  190  -102    -6   696  1013  1002  1013   999   661 
  191  -101  -248   758  1012  1017  1004  1096  1257 
  192  -100  -432   676  1011  1039  1003  1835  3887 
  193  -100  -497   653  1010  1043  1002  2951  5508 
  194  -101  -535   649  1010  1040  1002  3157  5866 
  195  -103  -483   644  1010  1036  1002  2986  6235 
  196  -102  -343   623  1010  1033  1002  2822  5710 
  197  -103  -114   616  1010  1030  1002  2680  4282 
  198  -102   -74   632  1010  1029  1001  2537  2068 
  199  -101   -67   625  1011  1026  1001  2447  1705 
  200  -101    30   607  1011  1026  1003  2315  1658 
  201  -104    27   598  1011  1022  1010  2296   665 
  202  -143    27   596  1013  1008  1026  2211   683 
  203  -231    27   562  1043   992  1053  1876   589 
  204  -335    25   484  1041   992  1049   807   225 
  205  -485    25   366  1046   993  1062   869   346 
  206  -463    23   313  1050   993  1062  1119   339 
  207  -376    21   299  1047   994  1056  1099   267 
  208  -395    20   271  1035   995  1031  1333   409 
  209  -585  -158   323  1022   995  1025  1641   746 
  210  -836  -294   455  1023  1000  1028  2027  3567 
  211  -912  -418   459  1026  1011  1021  4759  5831 
  212  -986  -484   377  1021  1009  1020 10135  8613 
  213 -1178  -596   370  1015  1001  1016  9926  8627 
  214 -1265  -811   389  1013  1007  1014  7061  8553 
  215 -1340  -904   401  1010   997  1008 10151 10056 
  216 -1475  -989   382  1009   996  1006  5162 10093 
  217 -1489 -1034   380  1009   996  1006  4882  9929 
  218 -1461  -985   362  1009   997  1006  4847  9895 
  219 -1302  -887   349  1009   998  1007  5493  9886 
  220 -1182  -607   343  1009   998  1010  5567  9199 
  221 -1048  -451   339  1011   998  1013  5086  6506 
  222  -781  -269   340  1012   998  1012  4529  5504 
  223  -704   -23   343  1014   999  1016  3484  3849 
  224  -650     5   364  1018  1001  1019  3614  1238 
  225  -547    12   375  1016  1002  1018  4015   892 
  226  -494    16   378  1013  1002  1020  3714   793 
  227  -440    14   395  1017  1003  1027  3395   753 
  228  -290    15   438  1029  1005  1035  3274   701 
  229  -229    14   490  1034  1005  1038  2598   671 
  230  -184    21   509  1040  1002  1053  2178   566 
  231  -240    22   452  1055  1000  1077  1727   441 
  232  -384    28   269  1057  1000  1074  1855   212 
  233  -536    24   318  1055  1001  1073  2491    -7 
  234  -489    26   338  1057  1001  1075  3295   142 
  235  -355    28   338  1057  1001  1075  3015    84 
  236  -222    32   307  1055  1001  1070  2599   -26 
  237  -148    32   303  1051  1001  1066  1666  -117 
  238  -138     4   316  1017  1011  1034  1291     0 
  239  -161   -20   465  1013  1040  1013  1974   919 
  240  -153   -12   622  1011  1054  1004  4450  1184 
  241  -129    -1   616  1011  1048  1004  5335  1071 
  242  -110    12   596  1011  1040  1003  4207   931 
  243  -112    22   589  1011  1039  1004  3205   871 
  244  -106    23   580  1012  1042  1012  3193   687 
  245  -197    20   569  1016  1027  1054  3243   697 
  246  -181    21   592  1061  1001  1082  4081   716 
  247  -155    20   543  1061   998  1080  1464   196 
  248  -218    20   375  1061   998  1083  1130   209 
  249  -227    21   323  1062   998  1085  1320   280 
  250  -210    22   329  1064   999  1087  1353   245 
  251  -142    22   353  1068   999  1090  1371   123 
  252  -100    25   373  1062  1000  1081  1082    79 
  253  -100    24   443  1046  1000  1074   966    20 
  254  -102    23   560  1023  1006  1061   951   321 
  255  -101    11   705  1016  1016  1039  1284   615 
  256  -100   -89   792  1013  1028  1007  1798   991 
  257  -102  -269   782  1011  1044  1003  2357  2138 
  258  -101  -204   730  1011  1061  1003  3235  3684 
  259   -99  -114   679  1011  1063  1003  4069  3041 
  260  -100   -42   660  1010  1067  1003  4129  2087 
  261  -100    21   658  1011  1068  1003  4332  1364 
  262  -100    21   660  1010  1067  1003  4387   711 
  263  -100    22   648  1011  1063  1007  4315   727 
  264  -110    21   625  1012  1049  1018  4131   754 
  265  -163    19   599  1045  1001  1057  3820   775 
  266  -452    20   546  1048   995  1058  1588   407 
  267  -689    19   410  1049   995  1061  1870   403 
  268  -863    19   368  1050   996  1065  2326   387 
  269  -850    19   358  1052   996  1066  2974   373 
  270  -741    20   328  1055   997  1071  2897   356 
  271  -535    21   322  1055   997  1071  2994   309 
  272  -466    22   323  1055   997  1073  2251   329 
  273  -483    24   327  1055   998  1069  2228   312 
  274  -656    22   333  1024   999  1052  2434   210 
  275  -641   -24   403  1016  1016  1020  3380   632 
  276  -581  -144   441  1011  1034  1003  8781  1328 
  277  -433  -154   423  1011  1027  1004  9896  2421 
  278  -414   -80   486  1011  1011  1003  8513  2476 
  279  -420   -51   540  1011  1014  1003  4836  1742 
  280  -445   -19   579  1011  1015  1003  5532  1419 
  281  -441    19   559  1010  1022  1003  6053  1194 
  282  -430    20   537  1011  1027  1005  7526   758 
  283  -291    19   530  1012  1022  1027  8276   743 
  284  -192    26   523  1048   998  1061  5102   732 
  285  -265    26   498  1051   997  1059  1412   238 
  286  -851    25   339  1050   997  1063  1682   110 
  287 -1047    26   366  1051   997  1063  3591   240 
  288 -1093    27   352  1050   998  1064  4094    92 
  289  -842    27   322  1053   998  1067  4666   102 
  290  -650    26   319  1052   999  1065  3676    78 
  291  -476    27   321  1052   999  1064  3227   132 
  292  -290    30   325  1048   999  1059  2635   164 
  293  -366    32   325  1042  1000  1048  1934   105 
  294  -552    30   460  1026  1008  1034  2491    85 
  295  -594    10   488  1013  1020  1008  5431   426 
  296  -518   -86   396  1012  1028  1003  9211   978 
  297  -425  -138   440  1011  1023  1003  9968  1931 
  298  -270  -117   518  1011  1023  1003  7465  2392 
  299  -235  -111   581  1011  1021  1003  4935  2162 
  300  -216   -94   633  1011  1023  1003  4112  2156 
  301  -212    14   629  1011  1025  1003  4051  1905 
  302  -214    21   619  1011  1023  1004  4185   839 
  303  -210    22   588  1012  1014  1019  4014   760 
  304  -227    22   559  1046  1003  1057  3040   749 
  305  -290    22   459  1047   998  1054  2014   345 
  306  -537    20   351  1049   998  1059  1762   325 
  307  -614    22   351  1049   998  1059  2646   298 
  308  -581    22   351  1049   998  1058  2882   267 
  309  -333    20   340  1047   999  1057  2640   343 
  310  -257    20   317  1048   999  1058  1954   345 
  311  -255    22   293  1049   999  1059  1676   420 
  312  -366    22   282  1045  1003  1050  1728   300 
  313  -410    21   366  1033  1005  1035  2847   320 
  314  -403    20   460  1017  1022  1014  3519   506 
  315  -329    14   481  1012  1029  1004  6902   665 
  316  -256   -27   473  1011  1032  1003  6766   903 
  317  -149   -57   500  1011  1041  1003  5734  1269 
  318   -96   -22   559  1011  1034  1003  4237  1591 
  319  -100    19   594  1011  1024  1003  2591  1132 
  320  -102    22   580  1011  1017  1004  2193   791 
  321  -142    23   550  1012  1013  1011  1934   788 
  322  -190    22   537  1024   999  1033  2135   703 
  323  -231    20   499  1030   997  1029  1358   561 
  324  -293    21   422  1029   997  1032  1290   488 
  325  -327    20   366  1031   999  1041  1560   579 
  326  -354    20   354  1034  1013  1033  1991   498 
  327  -291    22   378  1034  1007  1042  4502   484 
  328  -234    21   383  1045   998  1057  2914   430 
  329  -241    20   352  1047   998  1055  1441   375 
  330  -250    19   311  1045   999  1052  1457   361 
  331  -242    22   300  1043   999  1049  1614   478 
  332  -370    25   276  1035   999  1035  1690   391 
  333  -501    22   335  1017  1006  1023  2239   419 
  334  -510    21   497  1013  1044  1009  4453   628 
  335  -381    20   559  1011  1055  1005  9954   753 
  336  -283    23   483  1012  1044  1011  9868   765 
  337  -146    24   464  1012  1036  1015  7894   775 
  338  -150    23   527  1026  1018  1047  3861   658 
