0.00  0.00  1.11  -0.12  0.56  -0.25  0.00  0.12  0.56  0.25  0.00  0.08  1.86  -0.22  -0.22  0.22  0.22  -0.10  105.33  772.00  257.76  17.55  534.12  28.70  261.43  7.50  570.72  -98.40  570.72  48.88  -141.84  7.50  18.65  -36.20  772.00  257.76  772.00  257.76  0.00  0.00  0.00 
0.05  0.05  1.11  -0.10  0.56  -0.25  0.02  0.15  0.56  0.25  0.00  0.10  1.86  -0.27  -0.27  0.18  0.18  -0.07  107.36  930.84  320.15  7.37  595.30  97.09  265.85  46.75  0.00  0.00  574.24  41.81  -251.74  46.75  136.47  -143.84  0.00  0.00  930.84  320.15  1286.38  323832.03  0.00 
0.10  0.10  1.11  0.11  0.58  -0.17  0.06  0.18  0.56  0.25  0.00  0.13  1.86  0.02  -0.50  0.13  0.13  -0.04  105.41  502.06  834.76  -9.59  398.08  110.53  23.64  55.88  0.00  0.00  576.94  34.14  -270.37  55.88  176.00  -166.41  0.00  0.00  502.06  834.76  2224.95  601567.47  0.00 
0.15  0.15  1.11  0.30  0.60  -0.00  0.10  0.25  0.59  0.25  0.00  0.17  1.86  0.28  -0.54  0.19  -0.01  -0.02  113.26  -562.04  427.41  -23.03  -173.20  -21.51  -154.89  -27.71  0.00  0.00  576.43  30.63  -48.64  -27.71  -26.18  49.22  0.00  0.00  -562.04  427.41  176.87  8602.68  0.00 
0.20  0.20  1.11  0.44  0.64  0.20  0.10  0.29  0.59  0.25  0.00  0.22  1.86  0.47  -0.41  0.18  -0.08  -0.02  120.07  -920.44  48.09  -24.80  -472.63  -72.29  -177.83  -54.02  0.00  0.00  576.65  18.05  101.48  -54.02  -101.51  126.32  0.00  0.00  -920.44  48.09  142.59  14470.37  0.00 
0.25  0.25  1.11  0.49  0.64  0.37  0.06  0.33  0.59  0.25  0.00  0.28  1.86  0.47  -0.21  0.14  -0.13  -0.04  117.47  -818.63  179.18  -14.33  -471.62  -33.38  -186.86  -33.47  0.00  0.00  576.95  0.01  142.74  -33.47  -52.52  66.85  0.00  0.00  -818.63  179.18  718.20  102518.53  0.00 
0.30  0.30  1.11  0.47  0.61  0.45  0.02  0.35  0.58  0.25  0.00  0.35  1.86  0.33  -0.04  0.09  -0.17  -0.06  107.21  -173.35  560.52  5.05  -137.24  57.47  -48.94  15.16  0.00  0.00  577.03  -22.14  79.66  15.16  67.58  -72.63  0.00  0.00  -173.35  560.52  379.94  30264.01  0.00 
0.35  0.35  1.11  0.45  0.59  0.45  0.00  0.36  0.58  0.25  0.00  0.42  1.86  0.19  -0.01  0.01  -0.18  -0.09  100.40  666.04  535.83  27.20  136.18  315.37  74.13  137.77  575.44  13.01  576.70  -46.59  -115.54  137.77  425.95  -453.15  666.04  535.83  666.04  535.83  134.44  15533.94  128.08 
0.40  0.40  1.11  0.50  0.59  0.45  0.00  0.43  0.58  0.25  0.02  0.49  1.85  0.18  -0.08  0.06  -0.31  -0.12  99.73  788.39  576.69  45.07  70.73  512.21  19.19  163.15  575.04  -6.25  0.00  0.00  -183.67  163.15  630.28  -675.36  788.39  576.69  0.00  0.00  114.36  21003.64  91.61 
0.45  0.45  1.11  0.53  0.58  0.45  0.00  0.58  0.60  0.33  0.06  0.55  1.85  0.14  -0.13  0.24  -0.44  -0.13  103.81  298.95  617.61  53.02  -33.93  323.51  -33.68  9.78  575.11  -23.50  0.00  0.00  -22.00  9.78  280.27  -333.29  298.95  617.61  0.00  0.00  1.42  31.25  10.67 
0.50  0.50  1.11  0.55  0.58  0.45  0.00  0.74  0.63  0.50  0.10  0.60  1.85  0.08  -0.17  0.45  -0.42  -0.12  113.61  -342.84  303.22  48.53  -79.63  -138.82  -55.73  -115.30  575.71  -37.74  0.00  0.00  195.19  -115.30  -302.65  254.13  -342.84  303.22  0.00  0.00  153.60  29982.11  59.34 
0.55  0.55  1.11  0.56  0.58  0.45  0.00  0.85  0.67  0.70  0.10  0.63  1.86  0.00  -0.18  0.58  -0.24  -0.10  121.63  -671.69  -1.93  33.01  -38.72  -511.81  -32.38  -192.62  576.51  -49.75  0.00  0.00  7.50  -141.84  -36.20  18.65  -671.69  -1.93  0.00  0.00  18.65  139.87  0.91 
0.60  0.60  1.11  0.53  0.56  0.45  0.00  0.87  0.65  0.87  0.06  0.66  1.86  -0.14  -0.14  0.52  0.00  -0.07  118.87  -459.62  391.70  11.39  86.26  -369.67  49.95  -182.47  576.27  -64.21  0.00  0.00  46.75  -251.74  -143.84  136.47  -459.62  391.70  0.00  0.00  88.35  4130.01  0.00 
0.65  0.65  1.11  0.55  0.56  0.45  0.00  0.80  0.56  0.95  0.02  0.69  1.86  -0.18  -0.18  0.26  0.26  -0.04  108.41  120.55  569.36  -9.49  54.77  34.30  35.09  76.17  574.29  -71.83  0.00  0.00  55.88  -270.37  -166.41  176.00  120.55  569.36  0.00  0.00  0.00  0.00  0.00 
0.70  0.70  1.11  0.58  0.56  0.45  0.00  0.83  0.56  0.95  0.00  0.72  1.86  -0.22  -0.22  0.22  0.22  -0.02  108.40  451.30  391.87  -22.99  238.70  133.88  122.34  84.52  571.89  -79.71  571.89  67.58  -27.71  -48.64  49.22  -26.18  451.30  391.87  451.30  391.87  0.00  0.00  0.00 
0.75  0.75  1.11  0.61  0.56  0.46  0.02  0.85  0.56  0.95  0.00  0.77  1.86  -0.27  -0.27  0.18  0.18  -0.02  108.84  821.19  328.11  -24.83  583.83  93.76  262.06  45.64  0.00  0.00  574.80  53.89  -54.02  101.48  126.32  -101.51  0.00  0.00  821.19  328.11  276.06  14913.72  0.00 
0.80  0.81  1.11  0.81  0.58  0.53  0.06  0.88  0.56  0.95  0.00  0.83  1.86  0.02  -0.50  0.13  0.13  -0.04  105.58  487.52  835.72  -14.42  398.08  110.53  23.64  55.88  0.00  0.00  577.00  35.76  -33.47  142.74  66.85  -52.52  0.00  0.00  487.52  835.72  275.39  9215.97  0.00 
0.85  0.86  1.11  1.00  0.60  0.70  0.10  0.96  0.59  0.95  0.00  0.90  1.86  0.28  -0.54  0.19  -0.01  -0.06  112.19  -477.88  423.24  4.93  -173.20  -21.51  -154.89  -27.71  0.00  0.00  576.01  21.27  15.16  79.66  -72.63  67.58  0.00  0.00  -477.88  423.24  55.14  836.10  0.00 
0.90  0.91  1.11  1.14  0.64  0.91  0.10  1.00  0.59  0.95  0.00  0.98  1.86  0.47  -0.41  0.18  -0.08  -0.09  117.45  -764.66  49.02  27.08  -472.63  -72.29  -177.83  -54.02  0.00  0.00  575.65  0.69  137.77  -115.54  -453.15  425.95  0.00  0.00  -764.66  49.02  193.58  26669.39  0.00 
0.95  0.96  1.11  1.20  0.64  1.08  0.06  1.03  0.59  0.95  0.00  1.04  1.85  0.47  -0.21  0.14  -0.13  -0.12  113.47  -641.35  194.04  45.00  -471.62  -33.38  -186.86  -33.47  0.00  0.00  575.42  -19.82  163.15  -183.67  -675.36  630.28  0.00  0.00  -641.35  194.04  820.86  133922.20  0.00 
1.00  1.01  1.11  1.18  0.61  1.15  0.02  1.05  0.58  0.95  0.00  1.10  1.85  0.33  -0.04  0.09  -0.17  -0.13  103.21  -30.97  583.27  53.01  -137.24  57.47  -48.94  15.16  0.00  0.00  575.49  -38.14  9.78  -22.00  -333.29  280.27  0.00  0.00  -30.97  583.27  46.66  456.43  0.00 
1.05  1.06  1.11  1.16  0.59  1.15  0.00  1.06  0.58  0.95  0.00  1.15  1.85  0.19  -0.01  0.01  -0.18  -0.12  98.39  729.23  549.07  48.58  136.18  315.37  74.13  137.77  574.66  5.87  575.92  -53.73  -115.30  195.19  254.13  -302.65  729.23  549.07  729.23  549.07  134.16  15469.04  131.24 
1.10  1.11  1.11  1.20  0.59  1.15  0.00  1.14  0.58  0.96  0.02  1.18  1.86  0.18  -0.08  0.06  -0.31  -0.10  100.87  753.12  569.05  33.12  70.73  512.21  19.19  163.15  575.48  -2.26  0.00  0.00  -141.84  7.50  18.65  -36.20  753.12  569.05  0.00  0.00  88.32  12526.81  90.40 
1.15  1.16  1.11  1.23  0.58  1.15  0.00  1.28  0.60  1.03  0.06  1.21  1.86  0.14  -0.13  0.24  -0.44  -0.07  107.44  175.93  595.72  11.52  -33.93  323.51  -33.68  9.78  576.51  -9.65  0.00  0.00  -251.74  46.75  136.47  -143.84  175.93  595.72  0.00  0.00  16.25  4091.80  10.30 
1.20  1.21  1.11  1.25  0.58  1.15  0.00  1.44  0.63  1.20  0.10  1.24  1.86  0.08  -0.17  0.45  -0.42  -0.04  117.80  -515.59  284.70  -9.39  -79.63  -138.82  -55.73  -115.30  577.32  -18.39  0.00  0.00  -270.37  55.88  176.00  -166.41  -515.59  284.70  0.00  0.00  212.76  57524.85  55.71 
1.25  1.26  1.11  1.26  0.58  1.15  0.00  1.55  0.67  1.41  0.10  1.28  1.86  0.00  -0.18  0.58  -0.24  -0.02  124.71  -839.51  -6.51  -22.94  -38.72  -511.81  -32.38  -192.62  577.69  -31.04  0.00  0.00  -48.64  -27.71  -26.18  49.22  -839.51  -6.51  0.00  0.00  120.96  5883.12  3.06 
1.30  1.31  1.11  1.23  0.56  1.15  0.00  1.57  0.65  1.58  0.06  1.33  1.86  -0.14  -0.14  0.52  0.00  -0.02  120.36  -568.64  395.71  -24.85  86.26  -369.67  49.95  -182.47  576.84  -52.08  0.00  0.00  101.48  -54.02  -101.51  126.32  -568.64  395.71  0.00  0.00  191.81  19465.50  0.00 
1.35  1.36  1.11  1.26  0.56  1.15  0.00  1.51  0.56  1.65  0.02  1.39  1.86  -0.18  -0.18  0.26  0.26  -0.04  108.59  105.44  570.35  -14.51  54.77  34.30  35.09  76.17  574.35  -70.15  0.00  0.00  142.74  -33.47  -52.52  66.85  105.44  570.35  0.00  0.00  0.00  0.00  0.00 
1.40  1.41  1.11  1.28  0.56  1.16  0.00  1.53  0.56  1.66  0.00  1.46  1.86  -0.22  -0.22  0.22  0.22  -0.06  107.34  534.95  387.72  4.81  238.70  133.88  122.34  84.52  571.49  -89.01  571.49  58.27  79.66  15.16  67.58  -72.63  534.95  387.72  534.95  387.72  0.00  0.00  0.00 
1.45  1.46  1.11  1.31  0.56  1.16  0.02  1.56  0.56  1.66  0.00  1.53  1.86  -0.27  -0.27  0.18  0.18  -0.09  106.23  976.68  328.99  26.96  583.83  93.76  262.06  45.64  0.00  0.00  573.80  36.56  -115.54  137.77  425.95  -453.15  0.00  0.00  976.68  328.99  590.43  68220.65  0.00 
1.50  1.51  1.11  1.52  0.58  1.24  0.06  1.58  0.56  1.66  0.00  1.60  1.85  0.02  -0.50  0.13  0.13  -0.12  101.59  664.84  850.50  44.92  398.08  110.53  23.64  55.88  0.00  0.00  575.47  15.93  -183.67  163.15  630.28  -675.36  0.00  0.00  664.84  850.50  1511.41  277595.24  0.00 
1.55  1.56  1.11  1.71  0.60  1.40  0.10  1.66  0.59  1.66  0.00  1.66  1.85  0.28  -0.54  0.19  -0.01  -0.13  108.18  -335.16  445.99  53.00  -173.20  -21.51  -154.89  -27.71  0.00  0.00  574.47  5.23  -22.00  9.78  280.27  -333.29  0.00  0.00  -335.16  445.99  80.00  1760.13  0.00 
1.60  1.61  1.11  1.85  0.64  1.61  0.10  1.70  0.59  1.66  0.00  1.70  1.85  0.47  -0.41  0.18  -0.08  -0.12  115.42  -700.96  62.37  48.64  -472.63  -72.29  -177.83  -54.02  0.00  0.00  574.87  -6.50  195.19  -115.30  -302.65  254.13  0.00  0.00  -700.96  62.37  274.26  53533.27  0.00 
1.65  1.66  1.11  1.90  0.64  1.78  0.06  1.73  0.59  1.66  0.00  1.74  1.86  0.47  -0.21  0.14  -0.13  -0.10  114.60  -676.07  186.52  33.23  -471.62  -33.38  -186.86  -33.47  0.00  0.00  575.85  -15.89  7.50  -141.84  -36.20  18.65  0.00  0.00  -676.07  186.52  37.73  283.00  0.00 
1.70  1.71  1.11  1.88  0.61  1.86  0.02  1.76  0.58  1.66  0.00  1.77  1.86  0.33  -0.04  0.09  -0.17  -0.07  106.83  -153.57  561.42  11.64  -137.24  57.47  -48.94  15.16  0.00  0.00  576.89  -24.34  46.75  -251.74  -143.84  136.47  0.00  0.00  -153.57  561.42  222.97  10422.60  0.00 
1.75  1.76  1.11  1.86  0.59  1.86  0.00  1.77  0.58  1.66  0.00  1.79  1.86  0.19  -0.01  0.01  -0.18  -0.04  102.58  556.61  530.49  -9.28  136.18  315.37  74.13  137.77  576.27  25.21  577.53  -34.39  55.88  -270.37  -166.41  176.00  556.61  530.49  556.61  530.49  65.01  3632.82  126.80 
1.80  1.81  1.11  1.90  0.59  1.86  0.00  1.84  0.58  1.66  0.02  1.83  1.86  0.18  -0.08  0.06  -0.31  -0.02  103.96  585.11  564.39  -22.90  70.73  512.21  19.19  163.15  576.66  16.48  0.00  0.00  -27.71  -48.64  49.22  -26.18  585.11  564.39  0.00  0.00  17.25  478.12  89.66 
1.85  1.86  1.11  1.93  0.58  1.86  0.00  1.99  0.60  1.74  0.06  1.88  1.86  0.14  -0.13  0.24  -0.44  -0.02  108.94  66.46  599.73  -24.88  -33.93  323.51  -33.68  9.78  577.08  2.53  0.00  0.00  -54.02  101.48  126.32  -101.51  66.46  599.73  0.00  0.00  3.49  188.44  10.37 
1.90  1.91  1.11  1.96  0.58  1.86  0.00  2.15  0.63  1.90  0.10  1.94  1.86  0.08  -0.17  0.45  -0.42  -0.04  117.98  -531.26  285.73  -14.59  -79.63  -138.82  -55.73  -115.30  577.39  -16.65  0.00  0.00  -33.47  142.74  66.85  -52.52  -531.26  285.73  0.00  0.00  26.33  881.28  55.91 
1.95  1.96  1.11  1.97  0.58  1.86  0.00  2.25  0.67  2.11  0.10  2.01  1.86  0.00  -0.18  0.58  -0.24  -0.06  123.66  -756.36  -10.66  4.69  -38.72  -511.81  -32.38  -192.62  577.29  -40.29  0.00  0.00  15.16  79.66  -72.63  67.58  -756.36  -10.66  0.00  0.00  37.71  571.79  5.01 
2.00  2.01  1.11  1.94  0.56  1.86  0.00  2.28  0.65  2.28  0.06  2.08  1.86  -0.14  -0.14  0.52  0.00  -0.09  117.76  -413.42  396.53  26.84  86.26  -369.67  49.95  -182.47  575.84  -69.37  0.00  0.00  137.77  -115.54  -453.15  425.95  -413.42  396.53  0.00  0.00  260.40  35875.60  0.00 
2.05  2.06  1.11  1.96  0.56  1.86  0.00  2.21  0.56  2.36  0.02  2.15  1.85  -0.18  -0.18  0.26  0.26  -0.12  104.61  282.79  585.05  44.84  54.77  34.30  35.09  76.17  572.83  -89.98  0.00  0.00  163.15  -183.67  -675.36  630.28  282.79  585.05  0.00  0.00  0.00  0.00  0.00 
2.10  2.11  1.11  1.99  0.56  1.86  0.00  2.24  0.56  2.36  0.00  2.21  1.85  -0.22  -0.22  0.22  0.22  -0.13  103.32  678.01  410.47  52.99  238.70  133.88  122.34  84.52  569.94  -105.09  569.94  42.19  9.78  -22.00  -333.29  280.27  678.01  410.47  678.01  410.47  0.00  0.00  0.00 
2.15  2.16  1.11  2.02  0.56  1.87  0.02  2.26  0.56  2.36  0.00  2.26  1.85  -0.27  -0.27  0.18  0.18  -0.12  104.19  1040.91  342.43  48.70  583.83  93.76  262.06  45.64  0.00  0.00  573.02  29.31  -115.30  195.19  254.13  -302.65  0.00  0.00  1040.91  342.43  589.19  67935.64  0.00 
2.20  2.21  1.11  2.22  0.58  1.94  0.06  2.29  0.56  2.36  0.00  2.29  1.86  0.02  -0.50  0.13  0.13  -0.10  102.70  630.66  843.09  33.34  398.08  110.53  23.64  55.88  0.00  0.00  575.90  19.79  -141.84  7.50  18.65  -36.20  0.00  0.00  630.66  843.09  1167.23  165561.01  0.00 
2.25  2.26  1.11  2.41  0.60  2.11  0.10  2.37  0.59  2.36  0.00  2.32  1.86  0.28  -0.54  0.19  -0.01  -0.07  111.79  -457.36  424.17  11.77  -173.20  -21.51  -154.89  -27.71  0.00  0.00  575.86  18.99  -251.74  46.75  136.47  -143.84  0.00  0.00  -457.36  424.17  915.43  230449.60  0.00 
2.30  2.32  1.11  2.55  0.64  2.32  0.10  2.41  0.59  2.36  0.00  2.35  1.86  0.47  -0.41  0.18  -0.08  -0.04  119.62  -873.43  43.72  -9.18  -472.63  -72.29  -177.83  -54.02  0.00  0.00  576.48  12.82  -270.37  55.88  176.00  -166.41  0.00  0.00  -873.43  43.72  379.89  102711.04  0.00 
2.35  2.37  1.11  2.61  0.64  2.49  0.06  2.44  0.59  2.36  0.00  2.38  1.86  0.47  -0.21  0.14  -0.13  -0.02  117.69  -844.26  181.78  -22.85  -471.62  -33.38  -186.86  -33.47  0.00  0.00  577.04  2.86  -48.64  -27.71  -26.18  49.22  0.00  0.00  -844.26  181.78  244.72  11902.86  0.00 
2.40  2.42  1.11  2.59  0.61  2.56  0.02  2.46  0.58  2.36  0.00  2.43  1.86  0.33  -0.04  0.09  -0.17  -0.02  108.33  -263.49  565.41  -24.90  -137.24  57.47  -48.94  15.16  0.00  0.00  577.46  -12.11  101.48  -54.02  -101.51  126.32  0.00  0.00  -263.49  565.41  484.06  49123.69  0.00 
2.45  2.47  1.11  2.57  0.59  2.56  0.00  2.47  0.58  2.36  0.00  2.49  1.86  0.19  -0.01  0.01  -0.18  -0.04  102.77  540.37  531.56  -14.68  136.18  315.37  74.13  137.77  576.34  27.01  577.60  -32.59  142.74  -33.47  -52.52  66.85  540.37  531.56  540.37  531.56  166.09  23707.97  127.06 
2.50  2.52  1.11  2.61  0.59  2.56  0.00  2.55  0.58  2.37  0.02  2.56  1.86  0.18  -0.08  0.06  -0.31  -0.06  102.92  667.76  560.25  4.57  70.73  512.21  19.19  163.15  576.26  7.28  0.00  0.00  79.66  15.16  67.58  -72.63  667.76  560.25  0.00  0.00  49.60  3950.62  89.00 
2.55  2.57  1.11  2.64  0.58  2.56  0.00  2.69  0.60  2.44  0.06  2.64  1.86  0.14  -0.13  0.24  -0.44  -0.09  106.35  221.40  600.48  26.72  -33.93  323.51  -33.68  9.78  576.09  -14.73  0.00  0.00  -115.54  137.77  425.95  -453.15  221.40  600.48  0.00  0.00  7.46  862.01  10.38 
2.60  2.62  1.11  2.66  0.58  2.56  0.00  2.85  0.63  2.61  0.10  2.70  1.85  0.08  -0.17  0.45  -0.42  -0.12  114.00  -353.87  300.35  44.76  -79.63  -138.82  -55.73  -115.30  575.86  -36.49  0.00  0.00  -183.67  163.15  630.28  -675.36  -353.87  300.35  0.00  0.00  144.53  26545.03  58.78 
2.65  2.67  1.11  2.67  0.58  2.56  0.00  2.96  0.67  2.82  0.10  2.76  1.85  0.00  -0.18  0.58  -0.24  -0.13  119.63  -612.96  12.09  52.97  -38.72  -511.81  -32.38  -192.62  575.74  -56.40  0.00  0.00  -22.00  9.78  280.27  -333.29  -612.96  12.09  0.00  0.00  54.71  1203.70  5.68 
2.70  2.72  1.11  2.64  0.56  2.56  0.00  2.98  0.65  2.99  0.06  2.81  1.85  -0.14  -0.14  0.52  0.00  -0.12  115.70  -348.67  410.07  48.76  86.26  -369.67  49.95  -182.47  575.05  -76.68  0.00  0.00  195.19  -115.30  -302.65  254.13  -348.67  410.07  0.00  0.00  368.93  72012.84  0.00 
2.75  2.77  1.11  2.66  0.56  2.56  0.00  2.91  0.56  3.06  0.02  2.84  1.86  -0.18  -0.18  0.26  0.26  -0.10  105.69  249.16  577.76  33.45  54.77  34.30  35.09  76.17  573.24  -86.19  0.00  0.00  7.50  -141.84  -36.20  18.65  249.16  577.76  0.00  0.00  0.00  0.00  0.00 
2.80  2.82  1.11  2.69  0.56  2.57  0.00  2.94  0.56  3.07  0.00  2.87  1.86  -0.22  -0.22  0.22  0.22  -0.07  106.92  556.22  388.68  11.89  238.70  133.88  122.34  84.52  571.33  -91.38  571.33  55.90  46.75  -251.74  -143.84  136.47  556.22  388.68  556.22  388.68  0.00  0.00  0.00 
2.85  2.87  1.11  2.72  0.56  2.57  0.02  2.97  0.56  3.07  0.00  2.90  1.86  -0.27  -0.27  0.18  0.18  -0.04  108.38  868.57  323.72  -9.08  583.83  93.76  262.06  45.64  0.00  0.00  574.63  48.62  55.88  -270.37  -166.41  176.00  0.00  0.00  868.57  323.72  285.53  15954.32  0.00 
2.90  2.92  1.11  2.93  0.58  2.65  0.06  2.99  0.56  3.07  0.00  2.94  1.86  0.02  -0.50  0.13  0.13  -0.03  105.81  462.29  838.28  -22.80  398.08  110.53  23.64  55.88  0.00  0.00  577.09  38.57  -27.71  -48.64  49.22  -26.18  0.00  0.00  462.29  838.28  228.04  6319.11  0.00 
2.95  2.97  1.11  3.12  0.60  2.81  0.10  3.07  0.59  3.07  0.00  2.99  1.86  0.28  -0.54  0.19  -0.01  -0.02  113.30  -567.72  428.15  -24.92  -173.20  -21.51  -154.89  -27.71  0.00  0.00  576.44  31.27  -54.02  101.48  126.32  -101.51  0.00  0.00  -567.72  428.15  196.45  10613.10  0.00 
3.00  3.02  1.11  3.26  0.64  3.02  0.10  3.11  0.59  3.07  0.00  3.05  1.86  0.47  -0.41  0.18  -0.08  -0.04  119.81  -890.25  44.82  -14.77  -472.63  -72.29  -177.83  -54.02  0.00  0.00  576.56  14.69  -33.47  142.74  66.85  -52.52  0.00  0.00  -890.25  44.82  47.02  1573.53  0.00 
3.05  3.07  1.11  3.31  0.64  3.19  0.06  3.14  0.59  3.07  0.00  3.12  1.86  0.47  -0.21  0.14  -0.13  -0.06  116.65  -762.12  177.65  4.44  -471.62  -33.38  -186.86  -33.47  0.00  0.00  576.64  -6.27  15.16  79.66  -72.63  67.58  0.00  0.00  -762.12  177.65  76.29  1156.85  0.00 
3.10  3.12  1.11  3.29  0.61  3.27  0.02  3.17  0.58  3.07  0.00  3.19  1.86  0.33  -0.04  0.09  -0.17  -0.09  105.75  -108.83  566.10  26.61  -137.24  57.47  -48.94  15.16  0.00  0.00  576.47  -29.34  137.77  -115.54  -453.15  425.95  0.00  0.00  -108.83  566.10  657.15  90536.66  0.00 
3.15  3.17  1.11  3.27  0.59  3.27  0.00  3.18  0.58  3.07  0.00  3.26  1.85  0.19  -0.01  0.01  -0.18  -0.12  98.79  717.80  546.11  44.69  136.18  315.37  74.13  137.77  574.82  7.17  576.08  -52.43  163.15  -183.67  -675.36  630.28  717.80  546.11  717.80  546.11  189.83  30970.24  130.54 
3.20  3.22  1.11  3.31  0.59  3.27  0.00  3.25  0.58  3.07  0.02  3.32  1.85  0.18  -0.08  0.06  -0.31  -0.13  98.89  811.48  583.00  52.96  70.73  512.21  19.19  163.15  574.71  -8.87  0.00  0.00  9.78  -22.00  -333.29  280.27  811.48  583.00  0.00  0.00  6.09  59.58  92.62 
3.25  3.27  1.11  3.34  0.58  3.27  0.00  3.40  0.60  3.15  0.06  3.36  1.85  0.14  -0.13  0.24  -0.44  -0.12  104.27  286.67  614.12  48.82  -33.93  323.51  -33.68  9.78  575.29  -22.10  0.00  0.00  -115.30  195.19  254.13  -302.65  286.67  614.12  0.00  0.00  7.44  858.41  10.61 
3.30  3.32  1.11  3.36  0.58  3.27  0.00  3.55  0.63  3.31  0.10  3.40  1.86  0.08  -0.17  0.45  -0.42  -0.10  115.08  -386.95  293.18  33.56  -79.63  -138.82  -55.73  -115.30  576.27  -32.75  0.00  0.00  -141.84  7.50  18.65  -36.20  -386.95  293.18  0.00  0.00  111.62  15831.76  57.37 
3.35  3.37  1.11  3.37  0.58  3.27  0.00  3.66  0.67  3.52  0.10  3.43  1.86  0.00  -0.18  0.58  -0.24  -0.07  123.22  -734.35  -9.66  12.02  -38.72  -511.81  -32.38  -192.62  577.12  -42.74  0.00  0.00  -251.74  46.75  136.47  -143.84  -734.35  -9.66  0.00  0.00  626.03  157597.62  4.54 
3.40  3.42  1.11  3.34  0.56  3.27  0.00  3.69  0.65  3.69  0.06  3.46  1.86  -0.14  -0.14  0.52  0.00  -0.04  119.90  -520.87  391.30  -8.98  86.26  -369.67  49.95  -182.47  576.66  -57.40  0.00  0.00  -270.37  55.88  176.00  -166.41  -520.87  391.30  0.00  0.00  511.02  138166.66  0.00 
3.45  3.47  1.11  3.37  0.56  3.27  0.00  3.62  0.56  3.77  0.02  3.49  1.86  -0.18  -0.18  0.26  0.26  -0.03  108.81  80.61  572.87  -22.76  54.77  34.30  35.09  76.17  574.44  -67.39  0.00  0.00  -48.64  -27.71  -26.18  49.22  80.61  572.87  0.00  0.00  0.00  0.00  0.00 
3.50  3.52  1.11  3.40  0.56  3.27  0.00  3.65  0.56  3.77  0.00  3.54  1.86  -0.22  -0.22  0.22  0.22  -0.02  108.44  445.41  392.65  -24.95  238.70  133.88  122.34  84.52  571.91  -79.05  571.91  68.23  101.48  -54.02  -101.51  126.32  445.41  392.65  445.41  392.65  0.00  0.00  0.00 
3.55  3.57  1.11  3.42  0.56  3.28  0.02  3.67  0.56  3.77  0.00  3.60  1.86  -0.27  -0.27  0.18  0.18  -0.04  108.59  851.19  324.86  -14.85  583.83  93.76  262.06  45.64  0.00  0.00  574.71  50.55  142.74  -33.47  -52.52  66.85  0.00  0.00  851.19  324.86  729.41  104118.69  0.00 
3.60  3.62  1.11  3.63  0.58  3.35  0.06  3.70  0.56  3.77  0.00  3.67  1.86  0.02  -0.50  0.13  0.13  -0.06  104.78  543.92  834.16  4.32  398.08  110.53  23.64  55.88  0.00  0.00  576.69  29.48  79.66  15.16  67.58  -72.63  0.00  0.00  543.92  834.16  655.49  52213.44  0.00 
3.65  3.67  1.11  3.82  0.60  3.52  0.10  3.78  0.59  3.77  0.00  3.74  1.86  0.28  -0.54  0.19  -0.01  -0.09  110.73  -413.34  428.78  26.49  -173.20  -21.51  -154.89  -27.71  0.00  0.00  575.45  14.07  -115.54  137.77  425.95  -453.15  0.00  0.00  -413.34  428.78  420.17  48548.08  0.00 
3.70  3.72  1.11  3.96  0.64  3.73  0.10  3.82  0.59  3.77  0.00  3.81  1.85  0.47  -0.41  0.18  -0.08  -0.12  115.84  -712.79  59.30  44.61  -472.63  -72.29  -177.83  -54.02  0.00  0.00  575.03  -5.16  -183.67  163.15  630.28  -675.36  0.00  0.00  -712.79  59.30  258.06  47396.34  0.00 
3.75  3.77  1.11  4.02  0.64  3.89  0.06  3.85  0.59  3.77  0.00  3.87  1.85  0.47  -0.21  0.14  -0.13  -0.13  112.62  -618.07  200.40  52.95  -471.62  -33.38  -186.86  -33.47  0.00  0.00  575.09  -22.47  -22.00  9.78  280.27  -333.29  0.00  0.00  -618.07  200.40  110.69  2435.36  0.00 
3.80  3.82  1.11  4.00  0.61  3.97  0.02  3.87  0.58  3.77  0.00  3.92  1.85  0.33  -0.04  0.09  -0.17  -0.12  103.66  -43.04  579.83  48.87  -137.24  57.47  -48.94  15.16  0.00  0.00  575.67  -36.77  195.19  -115.30  -302.65  254.13  0.00  0.00  -43.04  579.83  931.04  181733.60  0.00 
3.85  3.88  1.11  3.98  0.59  3.97  0.00  3.88  0.58  3.77  0.00  3.95  1.86  0.19  -0.01  0.01  -0.18  -0.10  99.85  685.26  539.05  33.67  136.18  315.37  74.13  137.77  575.22  10.85  576.48  -48.75  7.50  -141.84  -36.20  18.65  685.26  539.05  685.26  539.05  8.73  65.44  128.85 
3.90  3.93  1.11  4.02  0.59  3.97  0.00  3.95  0.58  3.78  0.02  3.98  1.86  0.18  -0.08  0.06  -0.31  -0.07  102.47  690.51  561.28  12.14  70.73  512.21  19.19  163.15  576.09  4.75  0.00  0.00  46.75  -251.74  -143.84  136.47  690.51  561.28  0.00  0.00  29.11  1360.55  89.17 
3.95  3.98  1.11  4.05  0.58  3.97  0.00  4.10  0.60  3.85  0.06  4.01  1.86  0.14  -0.13  0.24  -0.44  -0.04  108.47  114.62  595.29  -8.87  -33.93  323.51  -33.68  9.78  576.90  -2.83  0.00  0.00  55.88  -270.37  -166.41  176.00  114.62  595.29  0.00  0.00  3.61  201.59  10.29 
4.00  4.03  1.11  4.07  0.58  3.97  0.00  4.26  0.63  4.02  0.10  4.04  1.86  0.08  -0.17  0.45  -0.42  -0.03  118.20  -555.69  288.22  -22.71  -79.63  -138.82  -55.73  -115.30  577.47  -13.93  0.00  0.00  -27.71  -48.64  49.22  -26.18  -555.69  288.22  0.00  0.00  21.81  604.26  56.40 
4.05  4.08  1.11  4.08  0.58  3.97  0.00  4.37  0.67  4.23  0.10  4.09  1.86  0.00  -0.18  0.58  -0.24  -0.02  124.75  -845.60  -5.71  -24.97  -38.72  -511.81  -32.38  -192.62  577.71  -30.36  0.00  0.00  -54.02  101.48  126.32  -101.51  -845.60  -5.71  0.00  0.00  134.35  7257.98  2.69 
4.10  4.13  1.11  4.05  0.56  3.97  0.00  4.39  0.65  4.39  0.06  4.15  1.86  -0.14  -0.14  0.52  0.00  -0.04  120.11  -538.82  392.47  -14.94  86.26  -369.67  49.95  -182.47  576.74  -55.40  0.00  0.00  -33.47  142.74  66.85  -52.52  -538.82  392.47  0.00  0.00  63.25  2116.70  0.00 
4.15  4.18  1.11  4.07  0.56  3.97  0.00  4.32  0.56  4.47  0.02  4.22  1.86  -0.18  -0.18  0.26  0.26  -0.06  107.79  161.73  568.76  4.20  54.77  34.30  35.09  76.17  574.05  -76.41  0.00  0.00  15.16  79.66  -72.63  67.58  161.73  568.76  0.00  0.00  0.00  0.00  0.00 
4.20  4.23  1.11  4.10  0.56  3.98  0.00  4.35  0.56  4.48  0.00  4.30  1.86  -0.22  -0.22  0.22  0.22  -0.09  105.88  599.50  393.21  26.37  238.70  133.88  122.34  84.52  570.93  -96.22  570.93  51.06  137.77  -115.54  -453.15  425.95  599.50  393.21  599.50  393.21  0.00  0.00  0.00 
4.25  4.28  1.11  4.13  0.56  3.98  0.02  4.38  0.56  4.48  0.00  4.37  1.85  -0.27  -0.27  0.18  0.18  -0.12  104.62  1028.68  339.25  44.53  583.83  93.76  262.06  45.64  0.00  0.00  573.19  30.70  163.15  -183.67  -675.36  630.28  0.00  0.00  1028.68  339.25  833.68  136012.52  0.00 
4.30  4.33  1.11  4.34  0.58  4.06  0.06  4.40  0.56  4.48  0.00  4.42  1.85  0.02  -0.50  0.13  0.13  -0.13  100.73  688.30  856.90  52.94  398.08  110.53  23.64  55.88  0.00  0.00  575.14  13.26  9.78  -22.00  -333.29  280.27  0.00  0.00  688.30  856.90  80.50  787.46  0.00 
4.35  4.38  1.11  4.53  0.60  4.22  0.10  4.48  0.59  4.48  0.00  4.47  1.85  0.28  -0.54  0.19  -0.01  -0.12  108.62  -347.03  442.61  48.93  -173.20  -21.51  -154.89  -27.71  0.00  0.00  574.64  6.58  -115.30  195.19  254.13  -302.65  0.00  0.00  -347.03  442.61  419.29  48345.25  0.00 
4.40  4.43  1.11  4.67  0.64  4.43  0.10  4.52  0.59  4.48  0.00  4.51  1.86  0.47  -0.41  0.18  -0.08  -0.10  116.88  -744.77  52.36  33.77  -472.63  -72.29  -177.83  -54.02  0.00  0.00  575.43  -1.54  -141.84  7.50  18.65  -36.20  0.00  0.00  -744.77  52.36  199.29  28267.72  0.00 
4.45  4.48  1.11  4.72  0.64  4.60  0.06  4.55  0.59  4.48  0.00  4.53  1.86  0.47  -0.21  0.14  -0.13  -0.07  116.19  -738.63  178.72  12.27  -471.62  -33.38  -186.86  -33.47  0.00  0.00  576.46  -8.89  -251.74  46.75  136.47  -143.84  0.00  0.00  -738.63  178.72  1266.61  318855.20  0.00 
4.50  4.53  1.11  4.70  0.61  4.68  0.02  4.57  0.58  4.48  0.00  4.56  1.86  0.33  -0.04  0.09  -0.17  -0.04  107.86  -214.96  560.95  -8.77  -137.24  57.47  -48.94  15.16  0.00  0.00  577.28  -17.51  -270.37  55.88  176.00  -166.41  0.00  0.00  -214.96  560.95  1289.63  348681.21  0.00 
4.55  4.58  1.11  4.68  0.59  4.68  0.00  4.59  0.58  4.48  0.00  4.60  1.86  0.19  -0.01  0.01  -0.18  -0.03  102.98  516.35  534.01  -22.66  136.18  315.37  74.13  137.77  576.43  29.69  577.69  -29.91  -48.64  -27.71  -26.18  49.22  516.35  534.01  516.35  534.01  56.59  2752.60  127.64 
4.60  4.63  1.11  4.72  0.59  4.68  0.00  4.66  0.58  4.48  0.02  4.65  1.86  0.18  -0.08  0.06  -0.31  -0.02  104.01  578.81  565.22  -24.99  70.73  512.21  19.19  163.15  576.68  17.18  0.00  0.00  101.48  -54.02  -101.51  126.32  578.81  565.22  0.00  0.00  63.19  6412.53  89.79 
4.65  4.68  1.11  4.75  0.58  4.68  0.00  4.81  0.60  4.56  0.06  4.71  1.86  0.14  -0.13  0.24  -0.44  -0.04  108.69  96.10  596.50  -15.03  -33.93  323.51  -33.68  9.78  576.99  -0.77  0.00  0.00  142.74  -33.47  -52.52  66.85  96.10  596.50  0.00  0.00  9.22  1315.60  10.31 
4.70  4.73  1.11  4.77  0.58  4.68  0.00  4.96  0.63  4.72  0.10  4.78  1.86  0.08  -0.17  0.45  -0.42  -0.06  117.18  -475.07  284.11  4.08  -79.63  -138.82  -55.73  -115.30  577.08  -22.90  0.00  0.00  79.66  15.16  67.58  -72.63  -475.07  284.11  0.00  0.00  62.68  4992.91  55.60 
4.75  4.78  1.11  4.78  0.58  4.68  0.00  5.07  0.67  4.93  0.10  4.85  1.86  0.00  -0.18  0.58  -0.24  -0.09  122.20  -691.79  -5.21  26.25  -38.72  -511.81  -32.38  -192.62  576.73  -47.49  0.00  0.00  -115.54  137.77  425.95  -453.15  -691.79  -5.21  0.00  0.00  287.34  33200.58  2.45 
4.80  4.83  1.11  4.75  0.56  4.68  0.00  5.10  0.65  5.10  0.06  4.92  1.85  -0.14  -0.14  0.52  0.00  -0.12  116.15  -361.30  406.79  44.45  86.26  -369.67  49.95  -182.47  575.22  -75.25  0.00  0.00  -183.67  163.15  630.28  -675.36  -361.30  406.79  0.00  0.00  347.14  63757.45  0.00 
4.85  4.88  1.11  4.78  0.56  4.68  0.00  5.03  0.56  5.18  0.02  4.98  1.85  -0.18  -0.18  0.26  0.26  -0.13  103.74  306.44  591.50  52.92  54.77  34.30  35.09  76.17  572.49  -92.68  0.00  0.00  -22.00  9.78  280.27  -333.29  306.44  591.50  0.00  0.00  0.00  0.00  0.00 
4.90  4.93  1.11  4.81  0.56  4.68  0.00  5.06  0.56  5.18  0.00  5.02  1.85  -0.22  -0.22  0.22  0.22  -0.12  103.76  666.33  407.14  48.99  238.70  133.88  122.34  84.52  570.11  -103.76  570.11  43.52  195.19  -115.30  -302.65  254.13  666.33  407.14  666.33  407.14  0.00  0.00  0.00 
4.95  4.98  1.11  4.83  0.56  4.68  0.02  5.08  0.56  5.18  0.00  5.06  1.86  -0.27  -0.27  0.18  0.18  -0.10  105.64  997.25  332.43  33.88  583.83  93.76  262.06  45.64  0.00  0.00  573.58  34.25  7.50  -141.84  -36.20  18.65  0.00  0.00  997.25  332.43  38.32  287.41  0.00 
5.00  5.03  1.11  5.04  0.58  4.76  0.06  5.11  0.56  5.18  0.00  5.09  1.86  0.02  -0.50  0.13  0.13  -0.07  104.30  568.16  835.26  12.39  398.08  110.53  23.64  55.88  0.00  0.00  576.51  26.78  46.75  -251.74  -143.84  136.47  0.00  0.00  568.16  835.26  384.67  17981.75  0.00 
5.05  5.08  1.11  5.23  0.60  4.93  0.10  5.19  0.59  5.18  0.00  5.12  1.86  0.28  -0.54  0.19  -0.01  -0.04  112.83  -518.80  423.66  -8.67  -173.20  -21.51  -154.89  -27.71  0.00  0.00  576.26  25.82  55.88  -270.37  -166.41  176.00  0.00  0.00  -518.80  423.66  203.19  11353.62  0.00 
5.10  5.13  1.11  5.37  0.64  5.14  0.10  5.23  0.59  5.18  0.00  5.15  1.86  0.47  -0.41  0.18  -0.08  -0.03  120.02  -913.86  47.23  -22.62  -472.63  -72.29  -177.83  -54.02  0.00  0.00  576.64  17.32  -27.71  -48.64  49.22  -26.18  0.00  0.00  -913.86  47.23  38.93  1078.92  0.00 
5.15  5.18  1.11  5.43  0.64  5.30  0.06  5.26  0.59  5.18  0.00  5.20  1.86  0.47  -0.21  0.14  -0.13  -0.02  117.74  -850.77  182.63  -25.02  -471.62  -33.38  -186.86  -33.47  0.00  0.00  577.05  3.59  -54.02  101.48  126.32  -101.51  0.00  0.00  -850.77  182.63  271.82  14684.52  0.00 
5.20  5.23  1.11  5.41  0.61  5.38  0.02  5.28  0.58  5.18  0.00  5.26  1.86  0.33  -0.04  0.09  -0.17  -0.04  108.08  -234.04  562.19  -15.11  -137.24  57.47  -48.94  15.16  0.00  0.00  577.37  -15.39  -33.47  142.74  66.85  -52.52  0.00  0.00  -234.04  562.19  159.62  5341.77  0.00 
5.25  5.28  1.11  5.39  0.59  5.38  0.00  5.29  0.58  5.18  0.00  5.33  1.86  0.19  -0.01  0.01  -0.18  -0.06  101.97  596.46  529.91  3.96  136.18  315.37  74.13  137.77  576.04  20.78  577.30  -38.83  15.16  79.66  -72.63  67.58  596.46  529.91  596.46  529.91  17.64  267.53  126.66 
5.30  5.33  1.11  5.43  0.59  5.38  0.00  5.36  0.58  5.18  0.02  5.40  1.86  0.18  -0.08  0.06  -0.31  -0.09  101.46  732.33  565.66  26.13  70.73  512.21  19.19  163.15  575.70  0.07  0.00  0.00  137.77  -115.54  -453.15  425.95  732.33  565.66  0.00  0.00  85.78  11818.51  89.86 
5.35  5.38  1.11  5.46  0.58  5.38  0.00  5.51  0.60  5.26  0.06  5.47  1.85  0.14  -0.13  0.24  -0.44  -0.12  104.74  273.64  610.74  44.37  -33.93  323.51  -33.68  9.78  575.47  -20.62  0.00  0.00  163.15  -183.67  -675.36  630.28  273.64  610.74  0.00  0.00  10.53  1718.59  10.56 
5.40  5.44  1.11  5.48  0.58  5.38  0.00  5.67  0.63  5.43  0.10  5.53  1.85  0.08  -0.17  0.45  -0.42  -0.13  113.13  -330.03  306.85  52.91  -79.63  -138.82  -55.73  -115.30  575.52  -39.20  0.00  0.00  9.78  -22.00  -333.29  280.27  -330.03  306.85  0.00  0.00  7.70  75.30  60.05 
5.45  5.49  1.11  5.49  0.58  5.38  0.00  5.78  0.67  5.64  0.10  5.58  1.85  0.00  -0.18  0.58  -0.24  -0.12  120.06  -624.45  8.82  49.04  -38.72  -511.81  -32.38  -192.62  575.91  -55.10  0.00  0.00  -115.30  195.19  254.13  -302.65  -624.45  8.82  0.00  0.00  286.74  33061.88  4.14 
5.50  5.54  1.11  5.46  0.56  5.38  0.00  5.80  0.65  5.80  0.06  5.61  1.86  -0.14  -0.14  0.52  0.00  -0.10  117.15  -392.18  400.08  33.99  86.26  -369.67  49.95  -182.47  575.61  -71.76  0.00  0.00  -141.84  7.50  18.65  -36.20  -392.18  400.08  0.00  0.00  268.09  38025.68  0.00 
5.55  5.59  1.11  5.48  0.56  5.38  0.00  5.73  0.56  5.88  0.02  5.64  1.86  -0.18  -0.18  0.26  0.26  -0.07  107.29  186.71  569.89  12.52  54.77  34.30  35.09  76.17  573.86  -79.19  0.00  0.00  -251.74  46.75  136.47  -143.84  186.71  569.89  0.00  0.00  0.00  0.00  0.00 
5.60  5.64  1.11  5.51  0.56  5.39  0.00  5.76  0.56  5.89  0.00  5.67  1.86  -0.22  -0.22  0.22  0.22  -0.04  107.96  494.71  388.14  -8.57  238.70  133.88  122.34  84.52  571.73  -84.54  571.73  62.75  -270.37  55.88  176.00  -166.41  494.71  388.14  494.71  388.14  0.00  0.00  0.00 
5.65  5.69  1.11  5.54  0.56  5.39  0.02  5.79  0.56  5.89  0.00  5.71  1.86  -0.27  -0.27  0.18  0.18  -0.03  108.79  827.98  327.23  -22.57  583.83  93.76  262.06  45.64  0.00  0.00  574.79  53.13  -48.64  -27.71  -26.18  49.22  0.00  0.00  827.98  327.23  248.54  12088.65  0.00 
5.70  5.74  1.11  5.75  0.58  5.46  0.06  5.81  0.56  5.89  0.00  5.75  1.86  0.02  -0.50  0.13  0.13  -0.02  105.85  455.57  839.16  -25.04  398.08  110.53  23.64  55.88  0.00  0.00  577.11  39.31  101.48  -54.02  -101.51  126.32  0.00  0.00  455.57  839.16  835.12  84751.37  0.00 
5.75  5.79  1.11  5.94  0.60  5.63  0.10  5.89  0.59  5.89  0.00  5.81  1.86  0.28  -0.54  0.19  -0.01  -0.04  113.06  -538.46  424.94  -15.20  -173.20  -21.51  -154.89  -27.71  0.00  0.00  576.35  28.01  142.74  -33.47  -52.52  66.85  0.00  0.00  -538.46  424.94  519.07  74094.31  0.00 
5.80  5.84  1.11  6.08  0.64  5.84  0.10  5.93  0.59  5.89  0.00  5.88  1.86  0.47  -0.41  0.18  -0.08  -0.06  119.02  -834.26  43.15  3.84  -472.63  -72.29  -177.83  -54.02  0.00  0.00  576.25  8.46  79.66  15.16  67.58  -72.63  0.00  0.00  -834.26  43.15  111.92  8914.87  0.00 
5.85  5.89  1.11  6.13  0.64  6.01  0.06  5.96  0.59  5.89  0.00  5.96  1.86  0.47  -0.21  0.14  -0.13  -0.09  115.20  -697.54  183.02  26.01  -471.62  -33.38  -186.86  -33.47  0.00  0.00  576.08  -13.48  -115.54  137.77  425.95  -453.15  0.00  0.00  -697.54  183.02  581.35  67172.20  0.00 
5.90  5.94  1.11  6.11  0.61  6.08  0.02  5.98  0.58  5.89  0.00  6.03  1.85  0.33  -0.04  0.09  -0.17  -0.12  104.14  -56.47  576.35  44.29  -137.24  57.47  -48.94  15.16  0.00  0.00  575.85  -35.24  -183.67  163.15  630.28  -675.36  0.00  0.00  -56.47  576.35  876.05  160900.06  0.00 
5.95  5.99  1.11  6.09  0.59  6.08  0.00  5.99  0.58  5.89  0.00  6.09  1.85  0.19  -0.01  0.01  -0.18  -0.13  97.92  741.82  552.65  52.90  136.18  315.37  74.13  137.77  574.48  4.44  575.74  -55.16  -22.00  9.78  280.27  -333.29  741.82  552.65  741.82  552.65  25.60  563.19  132.10 
6.00  6.04  1.11  6.13  0.59  6.08  0.00  6.07  0.58  5.89  0.02  6.13  1.85  0.18  -0.08  0.06  -0.31  -0.12  99.31  800.19  579.78  49.10  70.73  512.21  19.19  163.15  574.87  -7.59  0.00  0.00  195.19  -115.30  -302.65  254.13  800.19  579.78  0.00  0.00  121.54  23723.22  92.10 
6.05  6.09  1.11  6.16  0.58  6.08  0.00  6.22  0.60  5.96  0.06  6.17  1.86  0.14  -0.13  0.24  -0.44  -0.10  105.72  243.31  604.15  34.10  -33.93  323.51  -33.68  9.78  575.85  -17.20  0.00  0.00  7.50  -141.84  -36.20  18.65  243.31  604.15  0.00  0.00  0.48  3.63  10.44 
6.10  6.14  1.11  6.18  0.58  6.08  0.00  6.37  0.63  6.13  0.10  6.19  1.86  0.08  -0.17  0.45  -0.42  -0.07  116.68  -449.35  285.28  12.64  -79.63  -138.82  -55.73  -115.30  576.88  -25.77  0.00  0.00  46.75  -251.74  -143.84  136.47  -449.35  285.28  0.00  0.00  36.78  1719.50  55.83 
6.15  6.19  1.11  6.19  0.58  6.08  0.00  6.48  0.67  6.34  0.10  6.22  1.86  0.00  -0.18  0.58  -0.24  -0.04  124.27  -795.92  -10.25  -8.46  -38.72  -511.81  -32.38  -192.62  577.52  -35.89  0.00  0.00  55.88  -270.37  -166.41  176.00  -795.92  -10.25  0.00  0.00  138.96  7764.40  4.82 
6.20  6.24  1.11  6.16  0.56  6.08  0.00  6.51  0.65  6.51  0.06  6.26  1.86  -0.14  -0.14  0.52  0.00  -0.03  120.31  -561.62  394.81  -22.52  86.26  -369.67  49.95  -182.47  576.82  -52.86  0.00  0.00  -27.71  -48.64  49.22  -26.18  -561.62  394.81  0.00  0.00  52.38  1451.36  0.00 
6.25  6.29  1.11  6.19  0.56  6.08  0.00  6.44  0.56  6.58  0.02  6.31  1.86  -0.18  -0.18  0.26  0.26  -0.02  108.86  73.69  573.78  -25.06  54.77  34.30  35.09  76.17  574.46  -66.62  0.00  0.00  -54.02  101.48  126.32  -101.51  73.69  573.78  0.00  0.00  0.00  0.00  0.00 
6.30  6.34  1.11  6.22  0.56  6.09  0.00  6.47  0.56  6.59  0.00  6.37  1.86  -0.22  -0.22  0.22  0.22  -0.04  108.20  474.49  389.45  -15.28  238.70  133.88  122.34  84.52  571.82  -82.29  571.82  65.00  -33.47  142.74  66.85  -52.52  474.49  389.45  474.49  389.45  0.00  0.00  0.00 
6.35  6.39  1.11  6.24  0.56  6.09  0.02  6.49  0.56  6.59  0.00  6.44  1.86  -0.27  -0.27  0.18  0.18  -0.06  107.80  907.07  323.15  3.71  583.83  93.76  262.06  45.64  0.00  0.00  574.41  44.33  15.16  79.66  -72.63  67.58  0.00  0.00  907.07  323.15  77.48  1174.91  0.00 
6.40  6.44  1.11  6.45  0.58  6.17  0.06  6.52  0.56  6.59  0.00  6.51  1.86  0.02  -0.50  0.13  0.13  -0.09  103.33  608.52  839.49  25.89  398.08  110.53  23.64  55.88  0.00  0.00  576.14  22.27  137.77  -115.54  -453.15  425.95  0.00  0.00  608.52  839.49  1133.75  156199.73  0.00 
6.45  6.49  1.11  6.64  0.60  6.34  0.10  6.59  0.59  6.59  0.00  6.58  1.85  0.28  -0.54  0.19  -0.01  -0.12  109.12  -360.86  439.02  44.22  -173.20  -21.51  -154.89  -27.71  0.00  0.00  574.83  8.15  163.15  -183.67  -675.36  630.28  0.00  0.00  -360.86  439.02  593.27  96791.01  0.00 
6.50  6.54  1.11  6.78  0.64  6.55  0.10  6.64  0.59  6.59  0.00  6.64  1.85  0.47  -0.41  0.18  -0.08  -0.13  114.96  -688.58  65.88  52.88  -472.63  -72.29  -177.83  -54.02  0.00  0.00  574.69  -7.91  9.78  -22.00  -333.29  280.27  0.00  0.00  -688.58  65.88  13.74  134.45  0.00 
6.55  6.59  1.11  6.83  0.64  6.71  0.06  6.67  0.59  6.59  0.00  6.69  1.85  0.47  -0.21  0.14  -0.13  -0.12  113.03  -629.16  197.23  49.15  -471.62  -33.38  -186.86  -33.47  0.00  0.00  575.25  -21.20  -115.30  195.19  254.13  -302.65  0.00  0.00  -629.16  197.23  580.14  66891.57  0.00 
6.60  6.64  1.11  6.81  0.61  6.79  0.02  6.69  0.58  6.59  0.00  6.72  1.86  0.33  -0.04  0.09  -0.17  -0.10  105.10  -86.25  569.88  34.21  -137.24  57.47  -48.94  15.16  0.00  0.00  576.22  -31.88  159.23  15.16  38.43  -72.63  0.00  0.00  -86.25  569.88  759.47  120926.80  0.00 
6.65  6.69  1.11  6.80  0.59  6.79  0.00  6.70  0.58  6.59  0.00  6.75  1.86  0.19  -0.01  0.01  -0.18  -0.07  101.45  622.92  531.11  12.77  136.18  315.37  74.13  137.77  575.84  17.83  577.10  -41.77  -155.47  137.77  440.38  -453.15  622.92  531.11  622.92  531.11  180.90  28124.89  126.95 
6.70  6.74  1.11  6.84  0.59  6.79  0.00  6.77  0.58  6.59  0.02  6.78  1.86  0.18  -0.08  0.06  -0.31  -0.04  103.52  628.87  560.66  -8.36  70.73  512.21  19.19  163.15  576.49  11.61  0.00  0.00  -331.42  163.15  683.71  -675.36  628.87  560.66  0.00  0.00  206.36  68390.93  89.07 
6.75  6.79  1.11  6.87  0.58  6.79  0.00  6.92  0.60  6.67  0.06  6.81  1.86  0.14  -0.13  0.24  -0.44  -0.03  108.89  73.70  598.79  -22.47  -33.93  323.51  -33.68  9.78  577.06  1.72  0.00  0.00  -230.66  9.78  355.76  -333.29  73.70  598.79  0.00  0.00  14.89  3435.09  10.35 
6.80  6.84  1.11  6.89  0.58  6.79  0.00  7.08  0.63  6.84  0.10  6.86  1.86  0.08  -0.17  0.45  -0.42  -0.02  118.25  -562.81  289.15  -25.08  -79.63  -138.82  -55.73  -115.30  577.49  -13.14  0.00  0.00  -8.44  -115.30  -229.05  254.13  -562.81  289.15  0.00  0.00  6.64  56.09  56.58 
6.85  6.89  1.11  6.90  0.58  6.79  0.00  7.19  0.67  7.05  0.10  6.92  1.86  0.00  -0.18  0.58  -0.24  -0.04  124.51  -816.71  -8.90  -15.37  -38.72  -511.81  -32.38  -192.62  577.62  -33.57  0.00  0.00  245.92  -192.62  -689.07  704.43  -816.71  -8.90  0.00  0.00  611.55  150390.97  4.18 
6.90  6.95  1.11  6.87  0.56  6.79  0.00  7.21  0.65  7.21  0.06  6.99  1.86  -0.14  -0.14  0.52  0.00  -0.06  119.32  -483.04  390.74  3.59  86.26  -369.67  49.95  -182.47  576.44  -61.60  0.00  0.00  155.17  -182.47  -555.73  552.14  -483.04  390.74  0.00  0.00  293.28  45508.70  0.00 
6.95  7.00  1.11  6.89  0.56  6.79  0.00  7.14  0.56  7.29  0.02  7.06  1.86  -0.18  -0.18  0.26  0.26  -0.09  106.34  226.34  574.04  25.77  54.77  34.30  35.09  76.17  573.49  -83.62  0.00  0.00  -70.06  76.17  84.70  -110.47  226.34  574.04  0.00  0.00  0.00  0.00  0.00 
7.00  7.05  1.11  6.92  0.56  6.80  0.00  7.17  0.56  7.30  0.00  7.13  1.85  -0.22  -0.22  0.22  0.22  -0.12  104.26  652.10  403.45  44.14  238.70  133.88  122.34  84.52  570.31  -102.15  570.31  45.14  -89.93  84.52  174.27  -218.40  652.10  403.45  652.10  403.45  0.00  0.00  0.00 
7.05  7.10  1.11  6.95  0.56  6.80  0.02  7.20  0.56  7.30  0.00  7.19  1.85  -0.27  -0.27  0.18  0.18  -0.13  103.73  1053.08  345.88  52.87  583.83  93.76  262.06  45.64  0.00  0.00  572.84  27.92  -124.76  45.64  86.53  -139.40  0.00  0.00  1053.08  345.88  637.52  79536.97  0.00 
7.10  7.15  1.11  7.15  0.58  6.87  0.06  7.22  0.56  7.30  0.00  7.24  1.85  0.02  -0.50  0.13  0.13  -0.12  101.14  677.41  853.79  49.21  398.08  110.53  23.64  55.88  0.00  0.00  575.30  14.50  -107.96  55.88  117.20  -166.41  0.00  0.00  677.41  853.79  888.44  95917.30  0.00 
7.15  7.20  1.11  7.34  0.60  7.04  0.10  7.30  0.59  7.30  0.00  7.27  1.86  0.28  -0.54  0.19  -0.01  -0.10  110.06  -390.09  432.67  34.31  -173.20  -21.51  -154.89  -27.71  0.00  0.00  575.20  11.46  106.99  -27.71  -83.53  49.22  0.00  0.00  -390.09  432.67  389.05  41624.31  0.00 
7.20  7.25  1.11  7.48  0.64  7.25  0.10  7.34  0.59  7.30  0.00  7.30  1.86  0.47  -0.41  0.18  -0.08  -0.07  118.48  -807.06  44.39  12.89  -472.63  -72.29  -177.83  -54.02  0.00  0.00  576.05  5.43  197.99  -54.02  -139.21  126.32  0.00  0.00  -807.06  44.39  278.18  55077.49  0.00 
7.25  7.30  1.11  7.54  0.64  7.42  0.06  7.37  0.59  7.30  0.00  7.33  1.86  0.47  -0.21  0.14  -0.13  -0.04  117.25  -800.33  178.05  -8.25  -471.62  -33.38  -186.86  -33.47  0.00  0.00  576.87  -2.03  158.12  -33.47  -58.59  66.85  0.00  0.00  -800.33  178.05  795.55  125790.41  0.00 
7.30  7.35  1.11  7.52  0.61  7.49  0.02  7.39  0.58  7.30  0.00  7.37  1.86  0.33  -0.04  0.09  -0.17  -0.03  108.28  -256.03  564.44  -22.42  -137.24  57.47  -48.94  15.16  0.00  0.00  577.44  -12.94  6.76  15.16  95.05  -72.63  0.00  0.00  -256.03  564.44  32.25  218.08  0.00 
7.35  7.40  1.11  7.50  0.59  7.49  0.00  7.40  0.58  7.30  0.00  7.41  1.86  0.19  -0.01  0.01  -0.18  -0.02  103.03  509.02  534.96  -25.10  136.18  315.37  74.13  137.77  576.45  30.50  577.71  -29.10  -258.85  137.77  478.25  -453.15  509.02  534.96  509.02  534.96  301.18  77958.57  127.87 
7.40  7.45  1.11  7.54  0.59  7.49  0.00  7.48  0.58  7.30  0.02  7.47  1.86  0.18  -0.08  0.06  -0.31  -0.04  103.77  607.52  562.05  -15.45  70.73  512.21  19.19  163.15  576.59  13.98  0.00  0.00  -350.77  163.15  690.81  -675.36  607.52  562.05  0.00  0.00  218.41  76611.22  89.29 
7.45  7.50  1.11  7.57  0.58  7.49  0.00  7.62  0.60  7.37  0.06  7.54  1.86  0.14  -0.13  0.24  -0.44  -0.06  107.91  151.77  594.74  3.47  -33.93  323.51  -33.68  9.78  576.69  -6.96  0.00  0.00  -159.41  9.78  329.82  -333.29  151.77  594.74  0.00  0.00  10.29  1640.73  10.28 
7.50  7.55  1.11  7.59  0.58  7.49  0.00  7.78  0.63  7.54  0.10  7.62  1.86  0.08  -0.17  0.45  -0.42  -0.09  115.74  -410.45  289.35  25.65  -79.63  -138.82  -55.73  -115.30  576.53  -30.11  0.00  0.00  131.90  -115.30  -279.78  254.13  -410.45  289.35  0.00  0.00  103.79  13690.21  56.62 
7.55  7.60  1.11  7.60  0.58  7.49  0.00  7.89  0.67  7.75  0.10  7.69  1.85  0.00  -0.18  0.58  -0.24  -0.12  120.58  -639.07  5.03  44.06  -38.72  -511.81  -32.38  -192.62  576.11  -53.43  0.00  0.00  410.18  -192.62  -748.49  704.43  -639.07  5.03  0.00  0.00  1020.05  418403.29  2.36 
7.60  7.65  1.11  7.57  0.56  7.49  0.00  7.92  0.65  7.92  0.06  7.75  1.85  -0.14  -0.14  0.52  0.00  -0.13  115.25  -535.45  253.86  45.63  76.23  -498.32  46.64  -248.22  574.88  -78.05  0.00  0.00  382.25  -248.22  -792.17  746.54  -535.45  253.86  0.00  0.00  722.47  276166.53  0.00 
7.65  7.70  1.11  7.60  0.56  7.49  0.00  7.85  0.56  7.99  0.02  7.79  1.85  -0.18  -0.18  0.26  0.26  -0.12  104.14  -397.82  723.20  38.57  118.07  -404.32  71.36  -170.64  572.65  -91.46  0.00  0.00  186.73  -170.64  -613.54  574.97  -397.82  723.20  0.00  0.00  0.00  0.00  0.00 
