0.00  -1.50  1.11  -1.45  0.58  -1.55  0.00  -1.28  0.63  -1.55  0.10  -1.44  2.01 
0.05  -1.49  1.11  -1.45  0.58  -1.56  0.00  -1.27  0.63  -1.52  0.10  -1.45  2.01 
0.10  -1.48  1.11  -1.44  0.58  -1.58  0.01  -1.25  0.63  -1.49  0.09  -1.46  2.01 
0.15  -1.48  1.11  -1.42  0.58  -1.59  0.02  -1.25  0.63  -1.47  0.08  -1.47  2.01 
0.20  -1.47  1.11  -1.39  0.59  -1.59  0.03  -1.25  0.63  -1.45  0.07  -1.47  2.01 
0.25  -1.46  1.11  -1.37  0.59  -1.59  0.04  -1.26  0.62  -1.43  0.06  -1.46  2.01 
0.30  -1.45  1.11  -1.34  0.59  -1.58  0.06  -1.27  0.61  -1.42  0.04  -1.43  2.01 
0.35  -1.45  1.11  -1.30  0.60  -1.57  0.07  -1.29  0.60  -1.42  0.03  -1.41  2.01 
0.40  -1.44  1.11  -1.27  0.61  -1.55  0.08  -1.31  0.60  -1.43  0.02  -1.38  2.01 
0.45  -1.43  1.11  -1.25  0.61  -1.52  0.09  -1.33  0.59  -1.44  0.01  -1.36  2.01 
0.50  -1.42  1.11  -1.22  0.62  -1.49  0.10  -1.35  0.58  -1.45  0.00  -1.35  2.01 
0.55  -1.42  1.11  -1.20  0.63  -1.46  0.10  -1.37  0.58  -1.46  0.00  -1.36  2.01 
0.60  -1.41  1.11  -1.18  0.63  -1.43  0.10  -1.37  0.58  -1.48  0.00  -1.37  2.01 
0.65  -1.40  1.11  -1.17  0.63  -1.40  0.09  -1.35  0.58  -1.49  0.01  -1.38  2.01 
0.70  -1.39  1.11  -1.16  0.63  -1.38  0.08  -1.33  0.58  -1.50  0.02  -1.39  2.01 
0.75  -1.39  1.11  -1.17  0.63  -1.36  0.07  -1.31  0.59  -1.50  0.03  -1.39  2.01 
0.80  -1.38  1.11  -1.17  0.62  -1.34  0.06  -1.28  0.59  -1.50  0.04  -1.37  2.01 
0.85  -1.37  1.11  -1.19  0.61  -1.34  0.04  -1.25  0.59  -1.49  0.06  -1.35  2.01 
0.90  -1.36  1.11  -1.20  0.60  -1.33  0.03  -1.22  0.60  -1.48  0.07  -1.32  2.01 
0.95  -1.36  1.11  -1.23  0.60  -1.34  0.02  -1.19  0.61  -1.46  0.08  -1.30  2.01 
1.00  -1.35  1.11  -1.25  0.59  -1.35  0.01  -1.16  0.61  -1.43  0.09  -1.28  2.01 
1.05  -1.34  1.11  -1.27  0.59  -1.36  0.00  -1.13  0.62  -1.41  0.10  -1.27  2.01 
1.10  -1.33  1.11  -1.28  0.58  -1.37  0.00  -1.11  0.63  -1.38  0.10  -1.27  2.01 
1.15  -1.33  1.11  -1.28  0.58  -1.39  0.00  -1.10  0.63  -1.34  0.10  -1.29  2.01 
1.20  -1.32  1.11  -1.27  0.58  -1.40  0.01  -1.08  0.63  -1.32  0.09  -1.30  2.01 
1.25  -1.31  1.11  -1.25  0.58  -1.41  0.02  -1.08  0.63  -1.29  0.08  -1.31  2.01 
1.30  -1.30  1.11  -1.22  0.59  -1.42  0.03  -1.08  0.63  -1.27  0.07  -1.30  2.01 
1.35  -1.30  1.11  -1.19  0.59  -1.41  0.04  -1.09  0.62  -1.26  0.06  -1.29  2.01 
1.40  -1.29  1.11  -1.16  0.60  -1.41  0.06  -1.10  0.61  -1.25  0.04  -1.27  2.01 
1.45  -1.28  1.11  -1.13  0.60  -1.39  0.07  -1.12  0.61  -1.25  0.03  -1.24  2.01 
1.50  -1.27  1.11  -1.10  0.61  -1.37  0.08  -1.14  0.60  -1.25  0.02  -1.22  2.01 
1.55  -1.27  1.11  -1.08  0.62  -1.35  0.09  -1.16  0.59  -1.26  0.01  -1.20  2.01 
1.60  -1.26  1.11  -1.05  0.62  -1.32  0.10  -1.18  0.59  -1.27  0.00  -1.19  2.01 
1.65  -1.25  1.11  -1.03  0.63  -1.29  0.10  -1.20  0.58  -1.29  0.00  -1.19  2.01 
1.70  -1.24  1.11  -1.01  0.63  -1.26  0.10  -1.20  0.58  -1.30  0.00  -1.20  2.01 
1.75  -1.24  1.11  -1.00  0.64  -1.23  0.09  -1.18  0.58  -1.31  0.01  -1.21  2.01 
1.80  -1.23  1.11  -0.99  0.63  -1.20  0.08  -1.16  0.58  -1.32  0.02  -1.22  2.01 
1.85  -1.22  1.11  -1.00  0.63  -1.18  0.07  -1.14  0.59  -1.33  0.03  -1.22  2.01 
1.90  -1.21  1.11  -1.00  0.62  -1.17  0.06  -1.11  0.59  -1.33  0.04  -1.21  2.01 
1.95  -1.21  1.11  -1.02  0.62  -1.16  0.04  -1.08  0.60  -1.32  0.06  -1.19  2.01 
2.00  -1.20  1.11  -1.03  0.61  -1.16  0.03  -1.05  0.60  -1.30  0.07  -1.16  2.01 
2.05  -1.19  1.11  -1.06  0.60  -1.16  0.02  -1.02  0.61  -1.28  0.08  -1.13  2.01 
2.10  -1.18  1.11  -1.08  0.59  -1.17  0.01  -0.99  0.62  -1.26  0.09  -1.11  2.01 
2.15  -1.18  1.11  -1.10  0.59  -1.18  0.00  -0.96  0.62  -1.23  0.10  -1.11  2.01 
2.20  -1.17  1.11  -1.11  0.58  -1.20  0.00  -0.94  0.63  -1.20  0.10  -1.11  2.01 
2.25  -1.16  1.11  -1.11  0.58  -1.21  0.00  -0.93  0.64  -1.17  0.10  -1.12  2.01 
2.30  -1.15  1.11  -1.10  0.58  -1.23  0.01  -0.91  0.64  -1.14  0.09  -1.13  2.01 
2.35  -1.15  1.11  -1.08  0.58  -1.24  0.02  -0.91  0.64  -1.12  0.08  -1.14  2.01 
2.40  -1.14  1.11  -1.05  0.59  -1.24  0.03  -0.91  0.63  -1.10  0.07  -1.14  2.01 
2.45  -1.13  1.11  -1.02  0.59  -1.24  0.04  -0.92  0.62  -1.08  0.06  -1.13  2.01 
2.50  -1.12  1.11  -0.99  0.60  -1.23  0.06  -0.93  0.62  -1.07  0.04  -1.10  2.01 
2.55  -1.12  1.11  -0.96  0.60  -1.22  0.07  -0.95  0.61  -1.07  0.03  -1.08  2.01 
2.60  -1.11  1.11  -0.93  0.61  -1.20  0.08  -0.97  0.60  -1.08  0.02  -1.05  2.01 
2.65  -1.10  1.11  -0.90  0.62  -1.17  0.09  -0.99  0.59  -1.08  0.01  -1.03  2.01 
2.70  -1.09  1.11  -0.88  0.63  -1.14  0.10  -1.01  0.59  -1.10  0.00  -1.02  2.01 
2.75  -1.09  1.11  -0.86  0.63  -1.11  0.10  -1.02  0.58  -1.11  0.00  -1.03  2.01 
2.80  -1.08  1.11  -0.84  0.64  -1.08  0.10  -1.02  0.58  -1.13  0.00  -1.04  2.01 
2.85  -1.07  1.11  -0.83  0.64  -1.05  0.09  -1.01  0.58  -1.14  0.01  -1.05  2.01 
2.90  -1.06  1.11  -0.83  0.64  -1.03  0.08  -0.99  0.59  -1.15  0.02  -1.06  2.01 
2.95  -1.06  1.11  -0.83  0.63  -1.01  0.07  -0.96  0.59  -1.15  0.03  -1.06  2.01 
3.00  -1.05  1.11  -0.83  0.63  -0.99  0.06  -0.94  0.59  -1.15  0.04  -1.04  2.01 
3.05  -1.04  1.11  -0.85  0.62  -0.99  0.04  -0.91  0.60  -1.14  0.06  -1.02  2.01 
3.10  -1.03  1.11  -0.87  0.61  -0.98  0.03  -0.88  0.60  -1.13  0.07  -0.99  2.01 
3.15  -1.03  1.11  -0.89  0.60  -0.99  0.02  -0.85  0.61  -1.11  0.08  -0.97  2.01 
3.20  -1.02  1.11  -0.91  0.59  -1.00  0.01  -0.82  0.62  -1.08  0.09  -0.95  2.01 
3.25  -1.01  1.11  -0.93  0.59  -1.01  0.00  -0.79  0.63  -1.06  0.10  -0.94  2.01 
3.30  -1.00  1.11  -0.94  0.58  -1.02  0.00  -0.77  0.63  -1.03  0.10  -0.94  2.01 
3.35  -1.00  1.11  -0.94  0.58  -1.04  0.00  -0.76  0.64  -1.00  0.10  -0.95  2.01 
3.40  -0.99  1.11  -0.92  0.58  -1.05  0.01  -0.75  0.64  -0.97  0.09  -0.97  2.01 
3.45  -0.98  1.11  -0.90  0.59  -1.06  0.02  -0.74  0.64  -0.94  0.08  -0.97  2.01 
3.50  -0.97  1.11  -0.88  0.59  -1.07  0.03  -0.74  0.63  -0.92  0.07  -0.97  2.01 
3.55  -0.97  1.11  -0.85  0.59  -1.06  0.04  -0.75  0.63  -0.91  0.06  -0.96  2.01 
3.60  -0.96  1.11  -0.82  0.60  -1.06  0.06  -0.76  0.62  -0.90  0.04  -0.94  2.01 
3.65  -0.95  1.11  -0.79  0.60  -1.04  0.07  -0.78  0.61  -0.90  0.03  -0.91  2.01 
3.70  -0.94  1.11  -0.76  0.61  -1.02  0.08  -0.80  0.60  -0.90  0.02  -0.89  2.01 
3.75  -0.94  1.11  -0.73  0.62  -1.00  0.09  -0.82  0.59  -0.91  0.01  -0.87  2.01 
3.80  -0.93  1.11  -0.71  0.63  -0.97  0.10  -0.84  0.59  -0.92  0.00  -0.86  2.01 
3.85  -0.92  1.11  -0.69  0.63  -0.94  0.10  -0.85  0.58  -0.94  0.00  -0.86  2.01 
3.90  -0.91  1.11  -0.67  0.64  -0.91  0.10  -0.85  0.58  -0.95  0.00  -0.87  2.01 
3.95  -0.91  1.11  -0.66  0.64  -0.88  0.09  -0.84  0.58  -0.96  0.01  -0.88  2.01 
4.00  -0.90  1.11  -0.66  0.64  -0.85  0.08  -0.82  0.59  -0.97  0.02  -0.89  2.01 
4.05  -0.89  1.11  -0.66  0.63  -0.83  0.07  -0.79  0.59  -0.98  0.03  -0.89  2.01 
4.10  -0.88  1.11  -0.66  0.63  -0.82  0.06  -0.77  0.59  -0.98  0.04  -0.88  2.01 
4.15  -0.88  1.11  -0.68  0.62  -0.81  0.04  -0.74  0.60  -0.97  0.06  -0.86  2.01 
4.20  -0.87  1.11  -0.70  0.61  -0.81  0.03  -0.71  0.61  -0.95  0.07  -0.83  2.01 
4.25  -0.86  1.11  -0.72  0.60  -0.81  0.02  -0.68  0.61  -0.93  0.08  -0.80  2.01 
4.30  -0.85  1.11  -0.74  0.59  -0.82  0.01  -0.65  0.62  -0.91  0.09  -0.78  2.01 
4.35  -0.85  1.11  -0.76  0.59  -0.83  0.00  -0.62  0.63  -0.88  0.10  -0.78  2.01 
4.40  -0.84  1.11  -0.77  0.58  -0.85  0.00  -0.60  0.64  -0.85  0.10  -0.78  2.01 
4.45  -0.83  1.11  -0.77  0.58  -0.86  0.00  -0.59  0.64  -0.82  0.10  -0.79  2.01 
4.50  -0.82  1.11  -0.75  0.58  -0.88  0.01  -0.58  0.64  -0.79  0.09  -0.80  2.01 
4.55  -0.82  1.11  -0.73  0.59  -0.89  0.02  -0.57  0.64  -0.77  0.08  -0.81  2.01 
4.60  -0.81  1.11  -0.71  0.59  -0.89  0.03  -0.57  0.64  -0.75  0.07  -0.81  2.01 
4.65  -0.80  1.11  -0.68  0.59  -0.89  0.04  -0.58  0.63  -0.73  0.06  -0.80  2.01 
4.70  -0.79  1.11  -0.65  0.60  -0.88  0.06  -0.59  0.62  -0.72  0.04  -0.77  2.01 
4.75  -0.79  1.11  -0.62  0.61  -0.87  0.07  -0.61  0.61  -0.72  0.03  -0.75  2.01 
4.80  -0.78  1.11  -0.59  0.61  -0.85  0.08  -0.63  0.60  -0.73  0.02  -0.72  2.01 
4.85  -0.77  1.11  -0.56  0.62  -0.82  0.09  -0.65  0.59  -0.73  0.01  -0.70  2.01 
4.90  -0.76  1.11  -0.54  0.63  -0.79  0.10  -0.67  0.59  -0.75  0.00  -0.69  2.01 
4.95  -0.76  1.11  -0.52  0.64  -0.76  0.10  -0.68  0.58  -0.76  0.00  -0.70  2.01 
5.00  -0.75  1.11  -0.50  0.64  -0.73  0.10  -0.68  0.58  -0.78  0.00  -0.71  2.01 
5.05  -0.74  1.11  -0.49  0.64  -0.70  0.09  -0.67  0.59  -0.79  0.01  -0.72  2.01 
5.10  -0.73  1.11  -0.49  0.64  -0.68  0.08  -0.65  0.59  -0.80  0.02  -0.73  2.01 
5.15  -0.73  1.11  -0.49  0.64  -0.66  0.07  -0.62  0.59  -0.80  0.03  -0.73  2.01 
5.20  -0.72  1.11  -0.50  0.63  -0.64  0.06  -0.59  0.59  -0.80  0.04  -0.71  2.01 
5.25  -0.71  1.11  -0.51  0.62  -0.64  0.04  -0.56  0.60  -0.79  0.06  -0.69  2.01 
5.30  -0.70  1.11  -0.53  0.61  -0.63  0.03  -0.54  0.61  -0.78  0.07  -0.66  2.01 
5.35  -0.70  1.11  -0.55  0.60  -0.64  0.02  -0.51  0.61  -0.76  0.08  -0.64  2.01 
5.40  -0.69  1.11  -0.57  0.59  -0.65  0.01  -0.48  0.62  -0.73  0.09  -0.62  2.01 
5.45  -0.68  1.11  -0.59  0.59  -0.66  0.00  -0.45  0.63  -0.71  0.10  -0.61  2.01 
5.50  -0.67  1.11  -0.60  0.59  -0.67  0.00  -0.43  0.64  -0.68  0.10  -0.61  2.01 
5.55  -0.67  1.11  -0.60  0.58  -0.69  0.00  -0.42  0.64  -0.65  0.10  -0.62  2.01 
5.60  -0.66  1.11  -0.58  0.59  -0.70  0.01  -0.41  0.64  -0.62  0.09  -0.64  2.01 
5.65  -0.65  1.11  -0.56  0.59  -0.71  0.02  -0.40  0.64  -0.59  0.08  -0.64  2.01 
5.70  -0.64  1.11  -0.54  0.59  -0.71  0.03  -0.40  0.64  -0.57  0.07  -0.64  2.01 
5.75  -0.64  1.11  -0.51  0.60  -0.71  0.04  -0.41  0.63  -0.56  0.06  -0.63  2.01 
5.80  -0.63  1.11  -0.48  0.60  -0.71  0.06  -0.42  0.62  -0.55  0.04  -0.61  2.01 
5.85  -0.62  1.11  -0.45  0.61  -0.69  0.07  -0.44  0.61  -0.55  0.03  -0.58  2.01 
5.90  -0.61  1.11  -0.42  0.62  -0.67  0.08  -0.46  0.60  -0.55  0.02  -0.55  2.01 
5.95  -0.61  1.11  -0.39  0.62  -0.65  0.09  -0.49  0.59  -0.56  0.01  -0.54  2.01 
6.00  -0.60  1.11  -0.37  0.63  -0.62  0.10  -0.50  0.59  -0.57  0.00  -0.53  2.01 
6.05  -0.59  1.11  -0.35  0.64  -0.59  0.10  -0.51  0.59  -0.59  0.00  -0.53  2.01 
6.10  -0.58  1.11  -0.33  0.64  -0.56  0.10  -0.51  0.58  -0.60  0.00  -0.54  2.01 
6.15  -0.58  1.11  -0.32  0.64  -0.53  0.09  -0.50  0.59  -0.61  0.01  -0.55  2.01 
6.20  -0.57  1.11  -0.32  0.64  -0.50  0.08  -0.48  0.59  -0.62  0.02  -0.56  2.01 
6.25  -0.56  1.11  -0.32  0.64  -0.48  0.07  -0.45  0.59  -0.63  0.03  -0.56  2.01 
6.30  -0.55  1.11  -0.33  0.63  -0.47  0.06  -0.42  0.60  -0.63  0.04  -0.55  2.01 
6.35  -0.55  1.11  -0.34  0.62  -0.46  0.04  -0.39  0.60  -0.62  0.06  -0.53  2.01 
6.40  -0.54  1.11  -0.36  0.61  -0.46  0.03  -0.36  0.61  -0.60  0.07  -0.50  2.01 
6.45  -0.53  1.11  -0.38  0.60  -0.46  0.02  -0.34  0.62  -0.58  0.08  -0.47  2.01 
6.50  -0.52  1.11  -0.40  0.59  -0.47  0.01  -0.31  0.63  -0.56  0.09  -0.45  2.01 
6.55  -0.52  1.11  -0.42  0.59  -0.48  0.00  -0.28  0.63  -0.53  0.10  -0.44  2.01 
6.60  -0.51  1.11  -0.43  0.59  -0.50  0.00  -0.26  0.64  -0.50  0.10  -0.45  2.01 
6.65  -0.50  1.11  -0.43  0.59  -0.51  0.00  -0.25  0.64  -0.47  0.10  -0.46  2.01 
6.70  -0.49  1.11  -0.41  0.59  -0.53  0.01  -0.24  0.65  -0.44  0.09  -0.47  2.01 
6.75  -0.48  1.11  -0.39  0.59  -0.53  0.02  -0.23  0.64  -0.42  0.08  -0.48  2.01 
6.80  -0.48  1.11  -0.37  0.59  -0.54  0.03  -0.23  0.64  -0.40  0.07  -0.48  2.01 
6.85  -0.47  1.11  -0.34  0.60  -0.54  0.04  -0.24  0.63  -0.38  0.06  -0.46  2.01 
6.90  -0.46  1.11  -0.31  0.60  -0.53  0.06  -0.26  0.62  -0.37  0.04  -0.44  2.01 
6.95  -0.45  1.11  -0.28  0.61  -0.52  0.07  -0.27  0.61  -0.37  0.03  -0.42  2.01 
7.00  -0.45  1.11  -0.25  0.62  -0.50  0.08  -0.29  0.60  -0.37  0.02  -0.39  2.01 
7.05  -0.44  1.11  -0.22  0.63  -0.47  0.09  -0.32  0.59  -0.38  0.01  -0.37  2.01 
7.10  -0.43  1.11  -0.20  0.63  -0.44  0.10  -0.33  0.59  -0.40  0.00  -0.36  2.01 
7.15  -0.42  1.11  -0.18  0.64  -0.41  0.10  -0.34  0.59  -0.41  0.00  -0.36  2.01 
7.20  -0.42  1.11  -0.16  0.65  -0.38  0.10  -0.34  0.59  -0.42  0.00  -0.37  2.01 
7.25  -0.41  1.11  -0.15  0.65  -0.35  0.09  -0.33  0.59  -0.44  0.01  -0.39  2.01 
7.30  -0.40  1.11  -0.15  0.65  -0.33  0.08  -0.30  0.59  -0.45  0.02  -0.40  2.01 
7.35  -0.39  1.11  -0.15  0.64  -0.31  0.07  -0.28  0.59  -0.45  0.03  -0.39  2.01 
7.40  -0.39  1.11  -0.16  0.63  -0.29  0.06  -0.25  0.60  -0.45  0.04  -0.38  2.01 
7.45  -0.38  1.11  -0.17  0.62  -0.29  0.04  -0.22  0.60  -0.44  0.06  -0.36  2.01 
7.50  -0.37  1.11  -0.19  0.61  -0.28  0.03  -0.19  0.61  -0.43  0.07  -0.33  2.01 
7.55  -0.36  1.11  -0.21  0.60  -0.29  0.02  -0.17  0.62  -0.41  0.08  -0.31  2.01 
7.60  -0.36  1.11  -0.23  0.60  -0.30  0.01  -0.14  0.63  -0.38  0.09  -0.29  2.01 
7.65  -0.35  1.11  -0.25  0.59  -0.31  0.00  -0.11  0.64  -0.36  0.10  -0.28  2.01 
7.70  -0.34  1.11  -0.26  0.59  -0.32  0.00  -0.09  0.64  -0.33  0.10  -0.28  2.01 
7.75  -0.33  1.11  -0.26  0.59  -0.34  0.00  -0.08  0.65  -0.30  0.10  -0.29  2.01 
7.80  -0.33  1.11  -0.24  0.59  -0.35  0.01  -0.07  0.65  -0.27  0.09  -0.30  2.01 
7.85  -0.32  1.11  -0.22  0.59  -0.36  0.02  -0.06  0.65  -0.24  0.08  -0.31  2.01 
7.90  -0.31  1.11  -0.19  0.59  -0.36  0.03  -0.07  0.64  -0.22  0.07  -0.31  2.01 
7.95  -0.30  1.11  -0.17  0.60  -0.36  0.04  -0.07  0.63  -0.21  0.06  -0.30  2.01 
8.00  -0.30  1.11  -0.14  0.60  -0.36  0.06  -0.09  0.62  -0.20  0.04  -0.28  2.01 
8.05  -0.29  1.11  -0.11  0.61  -0.34  0.07  -0.10  0.61  -0.20  0.03  -0.25  2.01 
8.10  -0.28  1.11  -0.08  0.62  -0.32  0.08  -0.13  0.60  -0.20  0.02  -0.22  2.01 
8.15  -0.27  1.11  -0.05  0.63  -0.30  0.09  -0.15  0.60  -0.21  0.01  -0.20  2.01 
8.20  -0.27  1.11  -0.03  0.64  -0.27  0.10  -0.17  0.59  -0.22  0.00  -0.20  2.01 
8.25  -0.26  1.11  -0.01  0.64  -0.24  0.10  -0.17  0.59  -0.24  0.00  -0.20  2.01 
8.30  -0.25  1.11  0.01  0.65  -0.21  0.10  -0.17  0.59  -0.25  0.00  -0.21  2.01 
8.35  -0.24  1.11  0.02  0.65  -0.18  0.09  -0.16  0.59  -0.26  0.01  -0.22  2.01 
8.40  -0.24  1.11  0.02  0.65  -0.15  0.08  -0.13  0.59  -0.27  0.02  -0.23  2.01 
8.45  -0.23  1.11  0.02  0.64  -0.13  0.07  -0.11  0.59  -0.28  0.03  -0.23  2.01 
8.50  -0.22  1.11  0.01  0.63  -0.12  0.06  -0.08  0.60  -0.28  0.04  -0.22  2.01 
8.55  -0.21  1.11  -0.00  0.62  -0.11  0.04  -0.05  0.61  -0.27  0.06  -0.19  2.01 
8.60  -0.21  1.11  -0.02  0.61  -0.11  0.03  -0.02  0.61  -0.25  0.07  -0.17  2.01 
8.65  -0.20  1.11  -0.04  0.60  -0.11  0.02  0.00  0.62  -0.23  0.08  -0.14  2.01 
8.70  -0.19  1.11  -0.06  0.60  -0.12  0.01  0.03  0.63  -0.21  0.09  -0.12  2.01 
8.75  -0.18  1.11  -0.08  0.59  -0.13  0.00  0.06  0.64  -0.18  0.10  -0.11  2.01 
8.80  -0.18  1.11  -0.09  0.59  -0.15  0.00  0.08  0.64  -0.15  0.10  -0.12  2.01 
8.85  -0.17  1.11  -0.09  0.59  -0.16  0.00  0.09  0.65  -0.12  0.10  -0.13  2.01 
8.90  -0.16  1.11  -0.07  0.59  -0.17  0.01  0.10  0.65  -0.09  0.09  -0.14  2.01 
8.95  -0.15  1.11  -0.05  0.59  -0.18  0.02  0.11  0.65  -0.07  0.08  -0.15  2.01 
9.00  -0.15  1.11  -0.02  0.59  -0.19  0.03  0.10  0.64  -0.05  0.07  -0.15  2.01 
9.05  -0.14  1.11  0.00  0.60  -0.19  0.04  0.10  0.63  -0.03  0.06  -0.13  2.01 
9.10  -0.13  1.11  0.03  0.61  -0.18  0.06  0.08  0.62  -0.02  0.04  -0.11  2.01 
9.15  -0.12  1.11  0.06  0.61  -0.17  0.07  0.06  0.61  -0.02  0.03  -0.09  2.01 
9.20  -0.12  1.11  0.09  0.62  -0.15  0.08  0.04  0.60  -0.02  0.02  -0.06  2.01 
9.25  -0.11  1.11  0.12  0.63  -0.12  0.09  0.02  0.60  -0.03  0.01  -0.04  2.01 
9.30  -0.10  1.11  0.14  0.64  -0.09  0.10  0.00  0.59  -0.05  0.00  -0.03  2.01 
9.35  -0.09  1.11  0.16  0.65  -0.06  0.10  -0.01  0.59  -0.06  0.00  -0.03  2.01 
9.40  -0.09  1.11  0.18  0.65  -0.03  0.10  -0.00  0.59  -0.07  0.00  -0.04  2.01 
9.45  -0.08  1.11  0.19  0.65  -0.00  0.09  0.01  0.59  -0.09  0.01  -0.06  2.01 
9.50  -0.07  1.11  0.19  0.65  0.02  0.08  0.04  0.59  -0.10  0.02  -0.06  2.01 
9.55  -0.06  1.11  0.19  0.64  0.04  0.07  0.06  0.60  -0.10  0.03  -0.06  2.01 
9.60  -0.06  1.11  0.18  0.64  0.06  0.06  0.09  0.60  -0.10  0.04  -0.05  2.01 
9.65  -0.05  1.11  0.17  0.63  0.06  0.04  0.12  0.61  -0.09  0.06  -0.03  2.01 
9.70  -0.04  1.11  0.15  0.61  0.07  0.03  0.15  0.61  -0.08  0.07  -0.00  2.01 
9.75  -0.03  1.11  0.13  0.60  0.06  0.02  0.18  0.62  -0.06  0.08  0.02  2.01 
9.80  -0.03  1.11  0.11  0.60  0.05  0.01  0.20  0.63  -0.04  0.09  0.04  2.01 
9.85  -0.02  1.11  0.09  0.59  0.04  0.00  0.23  0.64  -0.01  0.10  0.05  2.01 
9.90  -0.01  1.11  0.08  0.59  0.03  0.00  0.25  0.65  0.02  0.10  0.05  2.01 
9.95  -0.00  1.11  0.08  0.59  0.01  0.00  0.26  0.65  0.05  0.10  0.04  2.01 
10.00  0.00  1.11  0.10  0.59  0.00  0.01  0.27  0.65  0.08  0.09  0.03  2.01 
10.05  0.01  1.11  0.12  0.59  -0.01  0.02  0.27  0.65  0.11  0.08  0.02  2.01 
10.10  0.02  1.11  0.15  0.60  -0.01  0.03  0.27  0.64  0.13  0.07  0.02  2.01 
10.15  0.03  1.11  0.17  0.60  -0.01  0.04  0.26  0.64  0.14  0.06  0.03  2.01 
10.20  0.03  1.11  0.20  0.61  -0.01  0.06  0.25  0.63  0.15  0.04  0.05  2.01 
10.25  0.04  1.11  0.23  0.62  0.01  0.07  0.23  0.62  0.15  0.03  0.08  2.01 
10.30  0.05  1.11  0.26  0.62  0.03  0.08  0.21  0.61  0.15  0.02  0.11  2.01 
10.35  0.06  1.11  0.29  0.63  0.05  0.09  0.19  0.60  0.14  0.01  0.13  2.01 
10.40  0.06  1.11  0.31  0.64  0.08  0.10  0.17  0.59  0.13  0.00  0.13  2.01 
10.45  0.07  1.11  0.33  0.65  0.11  0.10  0.16  0.59  0.12  0.00  0.13  2.01 
10.50  0.08  1.11  0.35  0.65  0.14  0.10  0.17  0.59  0.10  0.00  0.12  2.01 
10.55  0.09  1.11  0.36  0.65  0.17  0.09  0.18  0.59  0.09  0.01  0.11  2.01 
10.60  0.09  1.11  0.36  0.65  0.20  0.08  0.21  0.59  0.08  0.02  0.10  2.01 
10.65  0.10  1.11  0.36  0.65  0.22  0.07  0.23  0.60  0.07  0.03  0.10  2.01 
10.70  0.11  1.11  0.35  0.64  0.23  0.06  0.26  0.60  0.07  0.04  0.11  2.01 
10.75  0.12  1.11  0.33  0.63  0.24  0.04  0.29  0.61  0.08  0.06  0.14  2.01 
10.80  0.12  1.11  0.32  0.62  0.24  0.03  0.32  0.62  0.10  0.07  0.16  2.01 
10.85  0.13  1.11  0.29  0.61  0.24  0.02  0.35  0.62  0.12  0.08  0.19  2.01 
10.90  0.14  1.11  0.27  0.60  0.23  0.01  0.37  0.63  0.14  0.09  0.21  2.01 
10.95  0.15  1.11  0.26  0.59  0.22  0.00  0.40  0.64  0.17  0.10  0.22  2.01 
11.00  0.15  1.11  0.25  0.59  0.20  0.00  0.42  0.65  0.20  0.10  0.22  2.01 
11.05  0.16  1.11  0.25  0.59  0.19  0.00  0.43  0.65  0.23  0.10  0.21  2.01 
11.10  0.17  1.11  0.27  0.59  0.18  0.01  0.44  0.65  0.26  0.09  0.19  2.01 
11.15  0.18  1.11  0.29  0.59  0.17  0.02  0.44  0.65  0.28  0.08  0.18  2.01 
11.20  0.18  1.11  0.32  0.60  0.16  0.03  0.44  0.65  0.30  0.07  0.18  2.01 
11.25  0.19  1.11  0.34  0.60  0.16  0.04  0.43  0.64  0.32  0.06  0.20  2.01 
11.30  0.20  1.11  0.37  0.61  0.17  0.06  0.42  0.63  0.33  0.04  0.22  2.01 
11.35  0.21  1.11  0.40  0.62  0.18  0.07  0.40  0.62  0.33  0.03  0.25  2.01 
11.40  0.21  1.11  0.43  0.63  0.20  0.08  0.38  0.61  0.33  0.02  0.27  2.01 
11.45  0.22  1.11  0.46  0.63  0.23  0.09  0.36  0.60  0.32  0.01  0.29  2.01 
11.50  0.23  1.11  0.48  0.64  0.26  0.10  0.34  0.59  0.31  0.00  0.30  2.01 
11.55  0.24  1.11  0.50  0.65  0.29  0.10  0.33  0.59  0.29  0.00  0.30  2.01 
11.60  0.24  1.11  0.51  0.65  0.32  0.10  0.34  0.59  0.28  0.00  0.29  2.01 
11.65  0.25  1.11  0.52  0.66  0.34  0.09  0.35  0.59  0.26  0.01  0.28  2.01 
11.70  0.26  1.11  0.53  0.65  0.37  0.08  0.38  0.59  0.25  0.02  0.27  2.01 
11.75  0.27  1.11  0.52  0.65  0.39  0.07  0.40  0.60  0.25  0.03  0.27  2.01 
11.80  0.27  1.11  0.52  0.64  0.41  0.06  0.43  0.60  0.25  0.04  0.28  2.01 
11.85  0.28  1.11  0.50  0.63  0.42  0.04  0.46  0.61  0.26  0.06  0.30  2.01 
11.90  0.29  1.11  0.48  0.62  0.42  0.03  0.49  0.62  0.27  0.07  0.33  2.01 
11.95  0.30  1.11  0.46  0.61  0.41  0.02  0.51  0.63  0.29  0.08  0.35  2.01 
12.00  0.30  1.11  0.44  0.60  0.41  0.01  0.54  0.64  0.31  0.09  0.37  2.01 
12.05  0.31  1.11  0.42  0.59  0.39  0.00  0.56  0.64  0.34  0.10  0.38  2.01 
12.10  0.32  1.11  0.42  0.59  0.38  0.00  0.58  0.65  0.37  0.10  0.38  2.01 
12.15  0.33  1.11  0.42  0.59  0.36  0.00  0.60  0.66  0.40  0.10  0.37  2.01 
12.20  0.33  1.11  0.44  0.59  0.35  0.01  0.61  0.66  0.43  0.09  0.36  2.01 
12.25  0.34  1.11  0.46  0.59  0.34  0.02  0.61  0.65  0.46  0.08  0.35  2.01 
12.30  0.35  1.11  0.49  0.60  0.34  0.03  0.61  0.65  0.48  0.07  0.35  2.01 
12.35  0.36  1.11  0.51  0.60  0.34  0.04  0.60  0.64  0.49  0.06  0.36  2.01 
12.40  0.36  1.11  0.54  0.61  0.34  0.06  0.59  0.63  0.50  0.04  0.38  2.01 
12.45  0.37  1.11  0.57  0.62  0.36  0.07  0.57  0.62  0.51  0.03  0.41  2.01 
12.50  0.38  1.11  0.60  0.63  0.38  0.08  0.55  0.61  0.50  0.02  0.44  2.01 
12.55  0.39  1.11  0.63  0.64  0.40  0.09  0.52  0.60  0.49  0.01  0.46  2.01 
12.60  0.39  1.11  0.65  0.65  0.43  0.10  0.51  0.59  0.48  0.00  0.47  2.01 
12.65  0.40  1.11  0.67  0.65  0.46  0.10  0.50  0.59  0.47  0.00  0.46  2.01 
12.70  0.41  1.11  0.68  0.66  0.49  0.10  0.51  0.59  0.45  0.00  0.45  2.01 
12.75  0.42  1.11  0.69  0.66  0.52  0.09  0.52  0.59  0.44  0.01  0.44  2.01 
12.80  0.42  1.11  0.70  0.65  0.55  0.08  0.55  0.59  0.43  0.02  0.43  2.01 
12.85  0.43  1.11  0.69  0.65  0.57  0.07  0.57  0.60  0.42  0.03  0.43  2.01 
12.90  0.44  1.11  0.68  0.64  0.58  0.06  0.60  0.60  0.42  0.04  0.44  2.01 
12.95  0.45  1.11  0.67  0.63  0.59  0.04  0.63  0.61  0.43  0.06  0.47  2.01 
13.00  0.45  1.11  0.65  0.62  0.59  0.03  0.66  0.62  0.45  0.07  0.49  2.01 
13.05  0.46  1.11  0.63  0.61  0.59  0.02  0.68  0.63  0.46  0.08  0.52  2.01 
13.10  0.47  1.11  0.61  0.60  0.58  0.01  0.71  0.64  0.49  0.09  0.54  2.01 
13.15  0.48  1.11  0.59  0.59  0.57  0.00  0.73  0.65  0.52  0.10  0.55  2.01 
13.20  0.48  1.11  0.58  0.59  0.55  0.00  0.75  0.65  0.55  0.10  0.55  2.01 
13.25  0.49  1.11  0.59  0.59  0.54  0.00  0.77  0.66  0.58  0.10  0.54  2.01 
13.30  0.50  1.11  0.61  0.59  0.53  0.01  0.78  0.66  0.61  0.09  0.52  2.01 
13.35  0.51  1.11  0.63  0.59  0.52  0.02  0.78  0.66  0.63  0.08  0.52  2.01 
13.40  0.52  1.11  0.66  0.60  0.51  0.03  0.78  0.65  0.65  0.07  0.52  2.01 
13.45  0.52  1.11  0.68  0.61  0.51  0.04  0.77  0.64  0.67  0.06  0.53  2.01 
13.50  0.53  1.11  0.71  0.61  0.52  0.06  0.75  0.63  0.68  0.04  0.55  2.01 
13.55  0.54  1.11  0.74  0.62  0.53  0.07  0.74  0.62  0.68  0.03  0.58  2.01 
13.60  0.55  1.11  0.77  0.63  0.55  0.08  0.71  0.61  0.68  0.02  0.60  2.01 
13.65  0.55  1.11  0.80  0.64  0.58  0.09  0.69  0.60  0.67  0.01  0.62  2.01 
13.70  0.56  1.11  0.82  0.65  0.60  0.10  0.67  0.59  0.66  0.00  0.63  2.01 
13.75  0.57  1.11  0.84  0.65  0.64  0.10  0.67  0.59  0.64  0.00  0.63  2.01 
13.80  0.58  1.11  0.85  0.66  0.67  0.10  0.68  0.59  0.63  0.00  0.62  2.01 
13.85  0.58  1.11  0.86  0.66  0.69  0.09  0.69  0.59  0.61  0.01  0.61  2.01 
13.90  0.59  1.11  0.86  0.66  0.72  0.08  0.72  0.60  0.60  0.02  0.60  2.01 
13.95  0.60  1.11  0.86  0.65  0.74  0.07  0.74  0.60  0.60  0.03  0.60  2.01 
14.00  0.61  1.11  0.85  0.64  0.76  0.06  0.77  0.61  0.60  0.04  0.61  2.01 
14.05  0.61  1.11  0.84  0.63  0.77  0.04  0.80  0.61  0.61  0.06  0.63  2.01 
14.10  0.62  1.11  0.82  0.62  0.77  0.03  0.83  0.62  0.62  0.07  0.66  2.01 
14.15  0.63  1.11  0.80  0.61  0.76  0.02  0.85  0.63  0.64  0.08  0.68  2.01 
14.20  0.64  1.11  0.78  0.60  0.76  0.01  0.88  0.64  0.66  0.09  0.70  2.01 
14.25  0.64  1.11  0.76  0.59  0.74  0.00  0.90  0.65  0.69  0.10  0.71  2.01 
14.30  0.65  1.11  0.75  0.59  0.73  0.00  0.92  0.66  0.72  0.10  0.71  2.01 
14.35  0.66  1.11  0.76  0.59  0.71  0.00  0.94  0.66  0.75  0.10  0.70  2.01 
14.40  0.67  1.11  0.78  0.59  0.70  0.01  0.95  0.66  0.78  0.09  0.69  2.01 
14.45  0.67  1.11  0.80  0.60  0.69  0.02  0.95  0.66  0.81  0.08  0.68  2.01 
14.50  0.68  1.11  0.83  0.60  0.69  0.03  0.95  0.65  0.83  0.07  0.68  2.01 
14.55  0.69  1.11  0.85  0.61  0.69  0.04  0.94  0.64  0.84  0.06  0.69  2.01 
14.60  0.70  1.11  0.88  0.61  0.69  0.06  0.92  0.63  0.85  0.04  0.71  2.01 
14.65  0.70  1.11  0.91  0.62  0.71  0.07  0.90  0.62  0.86  0.03  0.74  2.01 
14.70  0.71  1.11  0.94  0.63  0.73  0.08  0.88  0.61  0.85  0.02  0.77  2.01 
14.75  0.72  1.11  0.96  0.64  0.75  0.09  0.86  0.60  0.84  0.01  0.79  2.01 
14.80  0.73  1.11  0.99  0.65  0.78  0.10  0.84  0.59  0.83  0.00  0.80  2.01 
14.85  0.73  1.11  1.01  0.66  0.81  0.10  0.83  0.59  0.82  0.00  0.79  2.01 
14.90  0.74  1.11  1.02  0.66  0.84  0.10  0.84  0.59  0.80  0.00  0.79  2.01 
14.95  0.75  1.11  1.03  0.66  0.87  0.09  0.86  0.59  0.79  0.01  0.77  2.01 
15.00  0.76  1.11  1.03  0.66  0.90  0.08  0.89  0.60  0.78  0.02  0.76  2.01 
15.05  0.76  1.11  1.03  0.65  0.92  0.07  0.91  0.60  0.77  0.03  0.76  2.01 
15.10  0.77  1.11  1.02  0.64  0.93  0.06  0.94  0.61  0.78  0.04  0.78  2.01 
15.15  0.78  1.11  1.01  0.63  0.94  0.05  0.97  0.61  0.78  0.05  0.80  2.01 
15.20  0.79  1.11  0.99  0.62  0.94  0.03  1.00  0.62  0.80  0.07  0.82  2.01 
15.25  0.79  1.11  0.96  0.61  0.94  0.02  1.02  0.63  0.81  0.08  0.85  2.01 
15.30  0.80  1.11  0.94  0.60  0.93  0.01  1.05  0.64  0.84  0.09  0.87  2.01 
15.35  0.81  1.11  0.92  0.59  0.92  0.00  1.07  0.65  0.87  0.10  0.88  2.01 
15.40  0.82  1.11  0.92  0.59  0.90  0.00  1.09  0.66  0.90  0.10  0.88  2.01 
15.45  0.82  1.11  0.93  0.59  0.89  0.00  1.11  0.66  0.93  0.10  0.87  2.01 
15.50  0.83  1.11  0.95  0.59  0.88  0.01  1.11  0.66  0.96  0.09  0.86  2.01 
15.55  0.84  1.11  0.97  0.60  0.87  0.02  1.12  0.66  0.98  0.08  0.85  2.01 
15.60  0.85  1.11  1.00  0.60  0.86  0.03  1.11  0.65  1.00  0.07  0.85  2.01 
15.65  0.85  1.11  1.02  0.61  0.86  0.04  1.10  0.64  1.02  0.06  0.86  2.01 
15.70  0.86  1.11  1.05  0.62  0.87  0.05  1.09  0.63  1.03  0.05  0.88  2.01 
15.75  0.87  1.11  1.08  0.62  0.88  0.07  1.07  0.62  1.03  0.03  0.91  2.01 
15.80  0.88  1.11  1.11  0.63  0.90  0.08  1.05  0.61  1.03  0.02  0.93  2.01 
15.85  0.88  1.11  1.13  0.64  0.93  0.09  1.02  0.60  1.02  0.01  0.95  2.01 
15.90  0.89  1.11  1.16  0.65  0.95  0.10  1.01  0.59  1.01  0.00  0.96  2.01 
15.95  0.90  1.11  1.18  0.66  0.98  0.10  1.00  0.59  0.99  0.00  0.96  2.01 
16.00  0.91  1.11  1.19  0.66  1.02  0.10  1.01  0.59  0.98  0.00  0.95  2.01 
16.05  0.91  1.11  1.20  0.66  1.04  0.09  1.03  0.59  0.96  0.01  0.94  2.01 
16.10  0.92  1.11  1.20  0.66  1.07  0.08  1.05  0.60  0.95  0.02  0.93  2.01 
16.15  0.93  1.11  1.20  0.65  1.09  0.07  1.08  0.60  0.95  0.03  0.93  2.01 
16.20  0.94  1.11  1.19  0.64  1.11  0.06  1.11  0.61  0.95  0.04  0.94  2.01 
16.25  0.94  1.11  1.17  0.63  1.12  0.05  1.14  0.62  0.96  0.05  0.96  2.01 
16.30  0.95  1.11  1.15  0.62  1.12  0.03  1.17  0.63  0.97  0.07  0.99  2.01 
16.35  0.96  1.11  1.13  0.61  1.11  0.02  1.19  0.63  0.99  0.08  1.02  2.01 
16.40  0.97  1.11  1.11  0.60  1.11  0.01  1.22  0.64  1.01  0.09  1.04  2.01 
16.45  0.97  1.11  1.09  0.59  1.09  0.00  1.24  0.65  1.04  0.10  1.04  2.01 
16.50  0.98  1.11  1.08  0.59  1.08  0.00  1.26  0.66  1.07  0.10  1.04  2.01 
16.55  0.99  1.11  1.09  0.59  1.07  0.00  1.27  0.66  1.10  0.10  1.03  2.01 
16.60  1.00  1.11  1.11  0.59  1.05  0.01  1.28  0.66  1.13  0.09  1.02  2.01 
16.65  1.00  1.11  1.14  0.60  1.04  0.02  1.28  0.66  1.16  0.08  1.01  2.01 
16.70  1.01  1.11  1.17  0.60  1.04  0.03  1.28  0.65  1.18  0.07  1.01  2.01 
16.75  1.02  1.11  1.19  0.61  1.04  0.04  1.27  0.64  1.19  0.06  1.02  2.01 
16.80  1.03  1.11  1.22  0.62  1.04  0.05  1.26  0.63  1.20  0.05  1.04  2.01 
16.85  1.03  1.11  1.25  0.63  1.06  0.07  1.24  0.62  1.21  0.03  1.07  2.01 
16.90  1.04  1.11  1.28  0.64  1.08  0.08  1.21  0.61  1.20  0.02  1.10  2.01 
16.95  1.05  1.11  1.30  0.65  1.10  0.09  1.19  0.60  1.19  0.01  1.12  2.01 
17.00  1.06  1.11  1.33  0.65  1.13  0.10  1.17  0.59  1.18  0.00  1.13  2.01 
17.05  1.06  1.11  1.34  0.66  1.16  0.10  1.17  0.59  1.17  0.00  1.13  2.01 
17.10  1.07  1.11  1.36  0.66  1.19  0.10  1.18  0.59  1.15  0.00  1.12  2.01 
17.15  1.08  1.11  1.37  0.66  1.22  0.09  1.20  0.59  1.14  0.01  1.10  2.01 
17.20  1.09  1.11  1.37  0.66  1.24  0.08  1.22  0.60  1.13  0.02  1.09  2.01 
17.25  1.09  1.11  1.37  0.65  1.27  0.07  1.25  0.60  1.12  0.03  1.09  2.01 
17.30  1.10  1.11  1.36  0.64  1.28  0.06  1.28  0.61  1.13  0.04  1.11  2.01 
17.35  1.11  1.11  1.34  0.63  1.29  0.05  1.31  0.62  1.13  0.05  1.13  2.01 
17.40  1.12  1.11  1.32  0.62  1.29  0.03  1.34  0.63  1.15  0.07  1.15  2.01 
17.45  1.12  1.11  1.30  0.61  1.29  0.02  1.36  0.64  1.16  0.08  1.18  2.01 
17.50  1.13  1.11  1.27  0.60  1.28  0.01  1.39  0.65  1.19  0.09  1.20  2.01 
17.55  1.14  1.11  1.25  0.59  1.27  0.00  1.41  0.65  1.22  0.10  1.21  2.01 
17.60  1.15  1.11  1.25  0.59  1.26  0.00  1.43  0.66  1.25  0.10  1.21  2.01 
17.65  1.15  1.11  1.26  0.59  1.24  0.00  1.44  0.67  1.28  0.10  1.20  2.01 
17.70  1.16  1.11  1.28  0.59  1.23  0.01  1.45  0.67  1.31  0.09  1.19  2.01 
17.75  1.17  1.11  1.31  0.60  1.22  0.02  1.45  0.66  1.33  0.08  1.18  2.01 
17.80  1.18  1.11  1.33  0.60  1.21  0.03  1.45  0.66  1.35  0.07  1.18  2.01 
17.85  1.18  1.11  1.36  0.61  1.21  0.04  1.44  0.65  1.37  0.06  1.19  2.01 
17.90  1.19  1.11  1.39  0.62  1.22  0.05  1.42  0.63  1.38  0.05  1.21  2.01 
17.95  1.20  1.11  1.42  0.63  1.23  0.07  1.40  0.62  1.38  0.03  1.24  2.01 
18.00  1.21  1.11  1.45  0.64  1.25  0.08  1.38  0.61  1.38  0.02  1.26  2.01 
18.05  1.21  1.11  1.47  0.65  1.28  0.09  1.36  0.60  1.37  0.01  1.28  2.01 
18.10  1.22  1.11  1.49  0.66  1.30  0.10  1.34  0.59  1.36  0.00  1.29  2.01 
18.15  1.23  1.11  1.51  0.66  1.33  0.10  1.33  0.59  1.34  0.00  1.29  2.01 
18.20  1.24  1.11  1.53  0.67  1.36  0.10  1.34  0.59  1.33  0.00  1.28  2.01 
18.25  1.24  1.11  1.53  0.67  1.39  0.09  1.37  0.59  1.32  0.01  1.27  2.01 
18.30  1.25  1.11  1.54  0.66  1.42  0.08  1.39  0.60  1.31  0.02  1.26  2.01 
18.35  1.26  1.11  1.53  0.66  1.44  0.07  1.42  0.60  1.30  0.03  1.26  2.01 
18.40  1.27  1.11  1.52  0.65  1.46  0.06  1.45  0.61  1.30  0.04  1.27  2.01 
18.45  1.27  1.11  1.51  0.63  1.47  0.05  1.48  0.62  1.31  0.05  1.29  2.01 
18.50  1.28  1.11  1.49  0.62  1.47  0.03  1.50  0.63  1.32  0.07  1.32  2.01 
18.55  1.29  1.11  1.46  0.61  1.47  0.02  1.53  0.64  1.34  0.08  1.35  2.01 
18.60  1.30  1.11  1.44  0.60  1.46  0.01  1.56  0.65  1.36  0.09  1.37  2.01 
18.65  1.30  1.11  1.42  0.59  1.44  0.00  1.58  0.66  1.39  0.10  1.38  2.01 
18.70  1.31  1.11  1.41  0.59  1.43  0.00  1.60  0.66  1.42  0.10  1.37  2.01 
18.75  1.32  1.11  1.43  0.59  1.42  0.00  1.61  0.67  1.45  0.10  1.36  2.01 
18.80  1.33  1.11  1.45  0.59  1.40  0.01  1.62  0.67  1.48  0.09  1.35  2.01 
18.85  1.33  1.11  1.48  0.60  1.39  0.02  1.62  0.66  1.51  0.08  1.34  2.01 
18.90  1.34  1.11  1.50  0.61  1.39  0.03  1.62  0.66  1.53  0.07  1.34  2.01 
18.95  1.35  1.11  1.53  0.61  1.39  0.04  1.61  0.65  1.54  0.06  1.35  2.01 
19.00  1.36  1.11  1.56  0.62  1.39  0.05  1.59  0.63  1.55  0.05  1.37  2.01 
19.05  1.36  1.11  1.59  0.63  1.41  0.07  1.57  0.62  1.56  0.03  1.40  2.01 
19.10  1.37  1.11  1.62  0.64  1.43  0.08  1.55  0.61  1.55  0.02  1.43  2.01 
19.15  1.38  1.11  1.64  0.65  1.45  0.09  1.52  0.60  1.54  0.01  1.45  2.01 
19.20  1.39  1.11  1.66  0.66  1.48  0.10  1.50  0.59  1.53  0.00  1.46  2.01 
19.25  1.39  1.11  1.68  0.66  1.51  0.10  1.50  0.59  1.52  0.00  1.46  2.01 
19.30  1.40  1.11  1.69  0.67  1.54  0.10  1.51  0.59  1.50  0.00  1.45  2.01 
19.35  1.41  1.11  1.70  0.67  1.57  0.09  1.53  0.59  1.49  0.01  1.44  2.01 
19.40  1.42  1.11  1.70  0.66  1.59  0.08  1.56  0.60  1.48  0.02  1.43  2.01 
19.45  1.42  1.11  1.70  0.66  1.62  0.07  1.59  0.61  1.48  0.03  1.43  2.01 
19.50  1.43  1.11  1.69  0.65  1.63  0.06  1.62  0.61  1.48  0.04  1.44  2.01 
19.55  1.44  1.11  1.67  0.63  1.64  0.05  1.65  0.62  1.48  0.05  1.46  2.01 
19.60  1.45  1.11  1.65  0.62  1.64  0.03  1.67  0.63  1.50  0.07  1.48  2.01 
19.65  1.45  1.11  1.63  0.61  1.64  0.02  1.70  0.64  1.51  0.08  1.51  2.01 
19.70  1.46  1.11  1.60  0.60  1.63  0.01  1.73  0.65  1.54  0.09  1.53  2.01 
19.75  1.47  1.11  1.58  0.59  1.62  0.00  1.75  0.66  1.57  0.10  1.54  2.01 
19.80  1.48  1.11  1.58  0.59  1.61  0.00  1.77  0.67  1.60  0.10  1.54  2.01 
19.85  1.48  1.11  1.59  0.59  1.59  0.00  1.78  0.67  1.63  0.10  1.53  2.01 
19.90  1.49  1.11  1.62  0.60  1.58  0.01  1.79  0.67  1.66  0.09  1.52  2.01 
19.95  1.50  1.11  1.64  0.60  1.57  0.02  1.79  0.67  1.68  0.08  1.51  2.01 
