0.00  0.00  1.11  0.07  0.59  0.00  0.00  0.24  0.64  0.00  0.10  0.08  1.86  0.14  -0.13  0.47  -0.42  -0.10  117.06  -3.64  409.24  17.55  50.24  33.65  8.09  -25.85  575.84  -15.30  0.00  0.00  -8.66  -25.85  -9.74  -7.80  -3.64  409.24  0.00  0.00  2.50  21.61  31.62 
0.05  0.05  1.11  0.11  0.58  0.01  0.00  0.31  0.65  0.09  0.10  0.10  1.86  0.11  -0.17  0.51  -0.37  -0.07  120.13  -20.08  390.66  7.37  62.78  18.41  13.40  -28.71  576.26  -21.07  0.00  0.00  -32.03  -28.71  -17.68  10.31  -20.08  390.66  0.00  0.00  17.65  565.40  60.76 
0.10  0.10  1.11  0.15  0.58  0.01  0.01  0.37  0.65  0.19  0.09  0.13  1.86  0.09  -0.23  0.53  -0.32  -0.04  122.08  -66.77  372.52  -9.59  81.59  -3.63  18.42  -33.03  575.36  -25.12  0.00  0.00  -73.61  -33.03  -27.07  36.66  -66.77  372.52  0.00  0.00  75.01  5521.57  122.58 
0.15  0.15  1.11  0.20  0.58  0.03  0.02  0.42  0.65  0.27  0.08  0.17  1.86  0.09  -0.29  0.53  -0.26  -0.02  122.57  -110.20  375.54  -23.03  87.64  -9.47  15.75  -33.45  0.00  0.00  0.00  0.00  -112.14  -33.45  -19.88  42.92  0.00  0.00  0.00  0.00  153.46  17209.20  0.00 
0.20  0.20  1.11  0.26  0.58  0.06  0.03  0.46  0.65  0.34  0.07  0.22  1.86  0.11  -0.35  0.52  -0.20  -0.02  121.87  -117.10  385.67  -24.80  92.09  -10.96  11.67  -32.62  0.00  0.00  0.00  0.00  -117.43  -32.62  -18.79  43.59  0.00  0.00  0.00  0.00  187.63  22033.87  0.00 
0.25  0.25  1.11  0.32  0.59  0.09  0.04  0.50  0.64  0.41  0.06  0.28  1.86  0.14  -0.41  0.48  -0.15  -0.04  120.27  -86.70  398.60  -14.33  93.67  -8.79  6.17  -30.10  0.00  0.00  0.00  0.00  -87.23  -30.10  -24.55  38.88  0.00  0.00  0.00  0.00  149.04  13000.30  0.00 
0.30  0.30  1.11  0.40  0.59  0.14  0.06  0.52  0.63  0.46  0.04  0.35  1.86  0.18  -0.45  0.43  -0.11  -0.06  117.91  -29.72  415.64  5.05  91.13  -3.55  -0.58  -25.57  0.00  0.00  0.00  0.00  -29.70  -25.57  -34.18  29.13  0.00  0.00  0.00  0.00  50.44  1497.90  0.00 
0.35  0.35  1.11  0.48  0.59  0.21  0.07  0.55  0.62  0.49  0.03  0.42  1.86  0.24  -0.48  0.38  -0.09  -0.09  115.15  35.16  437.11  27.20  83.80  4.53  -8.01  -19.06  0.00  0.00  0.00  0.00  38.45  -19.06  -41.72  14.52  0.00  0.00  0.00  0.00  60.14  2312.25  0.00 
0.40  0.40  1.11  0.56  0.60  0.28  0.08  0.57  0.61  0.52  0.02  0.49  1.85  0.30  -0.49  0.31  -0.08  -0.12  112.91  87.87  455.79  45.07  71.79  15.71  -15.29  -10.74  0.00  0.00  0.00  0.00  96.49  -10.74  -40.11  -4.97  0.00  0.00  0.00  0.00  126.38  12194.54  0.00 
0.45  0.45  1.11  0.64  0.61  0.36  0.09  0.58  0.60  0.54  0.01  0.55  1.85  0.36  -0.49  0.25  -0.08  -0.13  112.30  113.89  459.67  53.02  56.08  30.18  -21.59  -1.09  0.00  0.00  571.78  4.93  126.07  -1.09  -23.93  -29.09  0.00  0.00  113.89  459.67  119.50  15064.84  0.00 
0.50  0.50  1.11  0.72  0.63  0.45  0.10  0.60  0.59  0.55  0.00  0.60  1.85  0.42  -0.46  0.19  -0.10  -0.12  113.82  106.32  442.49  48.53  38.46  46.79  -26.40  8.61  0.00  0.00  574.26  -7.43  118.08  8.61  6.87  -55.39  0.00  0.00  106.32  442.49  59.55  7032.07  0.00 
0.55  0.55  1.11  0.79  0.64  0.55  0.10  0.63  0.59  0.55  0.00  0.63  1.86  0.47  -0.43  0.14  -0.13  -0.10  116.81  65.23  411.78  33.01  21.23  62.30  -29.71  16.02  0.00  0.00  575.87  -16.33  -25.85  -8.66  -7.80  -9.74  0.00  0.00  65.23  411.78  0.41  10.70  0.00 
0.60  0.60  1.11  0.86  0.65  0.64  0.10  0.66  0.58  0.56  0.00  0.66  1.86  0.51  -0.38  0.10  -0.18  -0.07  119.90  0.86  384.46  11.39  6.59  73.88  -31.85  19.32  0.00  0.00  576.30  -22.19  -28.71  -32.03  10.31  -17.68  0.00  0.00  0.86  384.46  13.58  389.83  0.00 
0.65  0.65  1.11  0.92  0.65  0.74  0.09  0.70  0.58  0.56  0.01  0.69  1.86  0.53  -0.32  0.09  -0.23  -0.04  121.88  -65.14  372.54  -9.49  -3.94  81.74  -33.14  18.87  0.00  0.00  575.40  -26.29  -33.03  -73.61  36.66  -27.07  0.00  0.00  -65.14  372.54  30.32  1001.16  0.00 
0.70  0.70  1.11  0.97  0.65  0.82  0.08  0.75  0.58  0.58  0.02  0.72  1.86  0.53  -0.26  0.09  -0.29  -0.02  122.39  -109.04  375.32  -22.99  -9.82  87.59  -33.57  16.13  0.00  0.00  0.00  0.00  -33.45  -112.14  42.92  -19.88  0.00  0.00  0.00  0.00  42.88  1434.28  0.00 
0.75  0.75  1.11  1.02  0.65  0.89  0.07  0.81  0.58  0.61  0.03  0.77  1.86  0.51  -0.21  0.10  -0.35  -0.02  121.71  -116.60  385.33  -24.83  -11.37  91.79  -32.78  11.91  0.00  0.00  0.00  0.00  -32.62  -117.43  43.59  -18.79  0.00  0.00  0.00  0.00  50.25  1639.35  0.00 
0.80  0.81  1.11  1.05  0.64  0.96  0.06  0.88  0.58  0.64  0.04  0.83  1.86  0.48  -0.16  0.13  -0.41  -0.04  120.12  -86.77  398.20  -14.42  -9.26  93.23  -30.32  6.30  0.00  0.00  0.00  0.00  -30.10  -87.23  38.88  -24.55  0.00  0.00  0.00  0.00  50.53  1520.74  0.00 
0.85  0.86  1.11  1.08  0.63  1.01  0.04  0.95  0.59  0.69  0.06  0.90  1.86  0.43  -0.12  0.18  -0.45  -0.06  117.76  -30.23  415.22  4.93  -4.14  90.64  -25.91  -0.53  0.00  0.00  0.00  0.00  -25.57  -29.70  29.13  -34.18  0.00  0.00  0.00  0.00  43.38  1109.43  0.00 
0.90  0.91  1.11  1.10  0.62  1.04  0.03  1.03  0.59  0.76  0.07  0.98  1.86  0.37  -0.09  0.23  -0.48  -0.09  114.99  34.29  436.73  27.08  3.75  83.35  -19.54  -8.01  0.00  0.00  0.00  0.00  -19.06  38.45  14.52  -41.72  0.00  0.00  0.00  0.00  30.43  579.78  0.00 
0.95  0.96  1.11  1.12  0.61  1.07  0.02  1.11  0.60  0.83  0.08  1.04  1.85  0.31  -0.08  0.29  -0.49  -0.12  112.73  86.66  455.62  45.00  14.65  71.41  -11.40  -15.33  0.00  0.00  0.00  0.00  -10.74  96.49  -4.97  -40.11  0.00  0.00  0.00  0.00  14.88  159.81  0.00 
1.00  1.01  1.11  1.14  0.60  1.09  0.01  1.19  0.61  0.91  0.09  1.10  1.85  0.25  -0.08  0.35  -0.49  -0.13  112.09  112.53  459.88  53.01  28.91  55.76  -1.86  -21.66  571.80  4.04  0.00  0.00  -1.09  126.07  -29.09  -23.93  112.53  459.88  0.00  0.00  1.16  1.27  160.73 
1.05  1.06  1.11  1.15  0.59  1.10  0.00  1.27  0.62  1.00  0.10  1.15  1.85  0.19  -0.10  0.41  -0.47  -0.12  113.58  105.41  443.10  48.58  45.63  38.19  7.97  -26.50  574.28  -8.39  0.00  0.00  8.61  118.08  -55.39  6.87  105.41  443.10  0.00  0.00  5.33  45.87  78.50 
1.10  1.11  1.11  1.18  0.58  1.10  0.00  1.35  0.64  1.10  0.10  1.18  1.86  0.13  -0.13  0.47  -0.43  -0.10  116.57  65.48  412.48  33.12  61.70  20.97  15.82  -29.83  575.89  -17.38  0.00  0.00  -8.66  -25.85  -9.74  -7.80  65.48  412.48  0.00  0.00  0.70  6.07  8.94 
1.15  1.16  1.11  1.21  0.58  1.11  0.00  1.41  0.65  1.19  0.10  1.21  1.86  0.10  -0.18  0.50  -0.38  -0.07  119.67  2.24  384.86  11.52  73.87  6.31  19.60  -31.97  576.33  -23.32  0.00  0.00  -32.03  -28.71  -17.68  10.31  2.24  384.86  0.00  0.00  15.44  494.60  51.56 
1.20  1.21  1.11  1.25  0.58  1.11  0.01  1.47  0.65  1.29  0.09  1.24  1.86  0.08  -0.23  0.53  -0.32  -0.04  121.67  -63.48  372.55  -9.39  81.90  -4.25  19.33  -33.26  575.44  -27.47  0.00  0.00  -73.61  -33.03  -27.07  36.66  -63.48  372.55  0.00  0.00  71.94  5295.56  114.96 
1.25  1.26  1.11  1.30  0.58  1.13  0.02  1.53  0.65  1.37  0.08  1.28  1.86  0.08  -0.29  0.53  -0.27  -0.02  122.21  -107.87  375.09  -22.94  87.55  -10.19  16.52  -33.70  0.00  0.00  0.00  0.00  -112.14  -33.45  -19.88  42.92  0.00  0.00  0.00  0.00  151.71  17013.30  0.00 
1.30  1.31  1.11  1.36  0.58  1.16  0.03  1.57  0.65  1.44  0.07  1.33  1.86  0.10  -0.35  0.51  -0.21  -0.02  121.55  -116.11  384.99  -24.85  91.48  -11.78  12.15  -32.94  0.00  0.00  0.00  0.00  -117.43  -32.62  -18.79  43.59  0.00  0.00  0.00  0.00  187.92  22068.59  0.00 
1.35  1.36  1.11  1.43  0.58  1.19  0.04  1.60  0.64  1.51  0.06  1.39  1.86  0.13  -0.41  0.48  -0.16  -0.04  119.97  -86.86  397.81  -14.51  92.77  -9.75  6.43  -30.55  0.00  0.00  0.00  0.00  -87.23  -30.10  -24.55  38.88  0.00  0.00  0.00  0.00  150.23  13103.93  0.00 
1.40  1.41  1.11  1.50  0.59  1.24  0.06  1.63  0.63  1.56  0.04  1.46  1.86  0.17  -0.45  0.43  -0.12  -0.06  117.61  -30.75  414.80  4.81  90.15  -4.74  -0.47  -26.24  0.00  0.00  0.00  0.00  -29.70  -25.57  -34.18  29.13  0.00  0.00  0.00  0.00  51.04  1515.90  0.00 
1.45  1.46  1.11  1.58  0.59  1.30  0.07  1.65  0.62  1.60  0.03  1.53  1.86  0.23  -0.48  0.37  -0.10  -0.09  114.84  33.41  436.37  26.96  82.89  2.97  -8.01  -20.02  0.00  0.00  0.00  0.00  38.45  -19.06  -41.72  14.52  0.00  0.00  0.00  0.00  61.10  2348.99  0.00 
1.50  1.51  1.11  1.66  0.60  1.38  0.08  1.67  0.61  1.62  0.02  1.60  1.85  0.29  -0.50  0.31  -0.09  -0.12  112.55  85.46  455.45  44.92  71.02  13.60  -15.37  -12.05  0.00  0.00  0.00  0.00  96.49  -10.74  -40.11  -4.97  0.00  0.00  0.00  0.00  129.08  12455.28  0.00 
1.55  1.56  1.11  1.74  0.61  1.46  0.09  1.69  0.60  1.64  0.01  1.66  1.85  0.35  -0.49  0.24  -0.09  -0.13  111.89  111.18  460.09  53.00  55.44  27.63  -21.74  -2.62  0.00  0.00  571.81  3.14  126.07  -1.09  -23.93  -29.09  0.00  0.00  111.18  460.09  123.31  15545.75  0.00 
1.60  1.61  1.11  1.82  0.62  1.55  0.10  1.71  0.59  1.65  0.00  1.70  1.85  0.41  -0.47  0.18  -0.10  -0.12  113.35  104.49  443.72  48.64  37.91  44.46  -26.61  7.34  0.00  0.00  574.30  -9.35  118.08  8.61  6.87  -55.39  0.00  0.00  104.49  443.72  63.29  7473.33  0.00 
1.65  1.66  1.11  1.90  0.64  1.65  0.10  1.73  0.58  1.65  0.00  1.74  1.86  0.46  -0.43  0.13  -0.14  -0.10  116.33  65.72  413.18  33.23  20.71  61.07  -29.94  15.62  0.00  0.00  575.92  -18.43  -25.85  -8.66  -7.80  -9.74  0.00  0.00  65.72  413.18  1.24  32.12  0.00 
1.70  1.71  1.11  1.97  0.64  1.74  0.10  1.76  0.58  1.66  0.00  1.77  1.86  0.50  -0.38  0.10  -0.18  -0.07  119.44  3.62  385.25  11.64  6.03  73.85  -32.09  19.87  0.00  0.00  576.36  -24.45  -28.71  -32.03  10.31  -17.68  0.00  0.00  3.62  385.25  12.68  363.95  0.00 
1.75  1.76  1.11  2.03  0.65  1.84  0.09  1.80  0.58  1.66  0.01  1.79  1.86  0.52  -0.33  0.08  -0.24  -0.04  121.46  -61.80  372.55  -9.28  -4.57  82.06  -33.38  19.81  0.00  0.00  575.47  -28.65  -33.03  -73.61  36.66  -27.07  0.00  0.00  -61.80  372.55  29.33  968.79  0.00 
1.80  1.81  1.11  2.08  0.65  1.92  0.08  1.85  0.58  1.68  0.02  1.83  1.86  0.53  -0.27  0.08  -0.30  -0.02  122.03  -106.67  374.85  -22.90  -10.55  87.51  -33.83  16.93  0.00  0.00  0.00  0.00  -33.45  -112.14  42.92  -19.88  0.00  0.00  0.00  0.00  41.98  1404.04  0.00 
1.85  1.86  1.11  2.12  0.65  1.99  0.07  1.91  0.58  1.71  0.03  1.88  1.86  0.51  -0.22  0.09  -0.35  -0.02  121.38  -115.62  384.63  -24.88  -12.20  91.17  -33.10  12.40  0.00  0.00  0.00  0.00  -32.62  -117.43  43.59  -18.79  0.00  0.00  0.00  0.00  49.49  1614.47  0.00 
1.90  1.91  1.11  2.16  0.64  2.06  0.06  1.98  0.58  1.74  0.04  1.94  1.86  0.48  -0.17  0.12  -0.41  -0.04  119.82  -86.97  397.41  -14.59  -10.24  92.29  -30.77  6.56  0.00  0.00  0.00  0.00  -30.10  -87.23  38.88  -24.55  0.00  0.00  0.00  0.00  49.98  1504.13  0.00 
1.95  1.96  1.11  2.18  0.63  2.11  0.04  2.05  0.59  1.79  0.06  2.01  1.86  0.43  -0.13  0.17  -0.45  -0.06  117.46  -31.29  414.39  4.69  -5.34  89.63  -26.57  -0.42  0.00  0.00  0.00  0.00  -25.57  -29.70  29.13  -34.18  0.00  0.00  0.00  0.00  43.10  1102.22  0.00 
2.00  2.01  1.11  2.21  0.62  2.15  0.03  2.13  0.59  1.85  0.07  2.08  1.86  0.37  -0.10  0.22  -0.48  -0.09  114.68  32.52  436.01  26.84  2.17  82.41  -20.49  -8.01  0.00  0.00  0.00  0.00  -19.06  38.45  14.52  -41.72  0.00  0.00  0.00  0.00  30.43  579.87  0.00 
2.05  2.06  1.11  2.22  0.61  2.17  0.02  2.21  0.60  1.93  0.08  2.15  1.85  0.31  -0.09  0.28  -0.50  -0.12  112.37  84.27  455.30  44.84  12.54  70.61  -12.70  -15.41  0.00  0.00  0.00  0.00  -10.74  96.49  -4.97  -40.11  0.00  0.00  0.00  0.00  15.07  161.84  0.00 
2.10  2.11  1.11  2.24  0.60  2.19  0.01  2.29  0.61  2.01  0.09  2.21  1.85  0.24  -0.09  0.35  -0.49  -0.13  111.68  109.84  460.31  52.99  26.35  55.11  -3.38  -21.82  571.82  2.23  0.00  0.00  -1.09  126.07  -29.09  -23.93  109.84  460.31  0.00  0.00  1.21  1.32  170.28 
2.15  2.16  1.11  2.26  0.59  2.20  0.00  2.37  0.62  2.10  0.10  2.26  1.85  0.18  -0.11  0.41  -0.47  -0.12  113.12  103.56  444.34  48.70  43.27  37.63  6.71  -26.71  574.32  -10.32  0.00  0.00  8.61  118.08  -55.39  6.87  103.56  444.34  0.00  0.00  5.92  50.91  88.35 
2.20  2.21  1.11  2.28  0.58  2.20  0.00  2.45  0.63  2.20  0.10  2.29  1.86  0.13  -0.14  0.46  -0.44  -0.10  116.09  65.93  413.90  33.34  60.43  20.44  15.42  -30.06  575.94  -19.48  0.00  0.00  -8.66  -25.85  -9.74  -7.80  65.93  413.90  0.00  0.00  1.41  12.17  17.93 
2.25  2.26  1.11  2.31  0.58  2.21  0.00  2.52  0.64  2.29  0.10  2.32  1.86  0.09  -0.18  0.50  -0.39  -0.07  119.21  5.01  385.63  11.77  73.83  5.74  20.16  -32.21  576.39  -25.58  0.00  0.00  -32.03  -28.71  -17.68  10.31  5.01  385.63  0.00  0.00  13.20  422.75  43.38 
2.30  2.32  1.11  2.35  0.58  2.21  0.01  2.58  0.65  2.39  0.09  2.35  1.86  0.07  -0.24  0.52  -0.33  -0.04  121.26  -60.08  372.54  -9.18  82.24  -4.90  20.31  -33.49  575.51  -29.83  0.00  0.00  -73.61  -33.03  -27.07  36.66  -60.08  372.54  0.00  0.00  68.86  5069.02  107.32 
2.35  2.37  1.11  2.40  0.58  2.23  0.02  2.63  0.65  2.47  0.08  2.38  1.86  0.07  -0.30  0.52  -0.28  -0.02  121.85  -105.46  374.59  -22.85  87.47  -10.93  17.34  -33.95  0.00  0.00  0.00  0.00  -112.14  -33.45  -19.88  42.92  0.00  0.00  0.00  0.00  150.09  16832.03  0.00 
2.40  2.42  1.11  2.46  0.58  2.26  0.03  2.67  0.65  2.54  0.07  2.43  1.86  0.09  -0.36  0.51  -0.22  -0.02  121.22  -115.14  384.28  -24.90  90.84  -12.64  12.66  -33.27  0.00  0.00  0.00  0.00  -117.43  -32.62  -18.79  43.59  0.00  0.00  0.00  0.00  188.41  22126.19  0.00 
2.45  2.47  1.11  2.53  0.58  2.29  0.04  2.71  0.64  2.61  0.06  2.49  1.86  0.12  -0.41  0.48  -0.17  -0.04  119.67  -87.09  397.01  -14.68  91.80  -10.74  6.69  -31.00  0.00  0.00  0.00  0.00  -87.23  -30.10  -24.55  38.88  0.00  0.00  0.00  0.00  151.55  13219.25  0.00 
2.50  2.52  1.11  2.60  0.59  2.34  0.06  2.74  0.63  2.66  0.04  2.56  1.86  0.16  -0.45  0.43  -0.13  -0.06  117.32  -31.85  413.98  4.57  89.11  -5.96  -0.37  -26.89  0.00  0.00  0.00  0.00  -29.70  -25.57  -34.18  29.13  0.00  0.00  0.00  0.00  51.69  1534.95  0.00 
2.55  2.57  1.11  2.68  0.59  2.40  0.07  2.76  0.62  2.70  0.03  2.64  1.86  0.22  -0.49  0.37  -0.11  -0.09  114.52  31.63  435.66  26.72  81.92  1.37  -8.02  -20.96  0.00  0.00  0.00  0.00  38.45  -19.06  -41.72  14.52  0.00  0.00  0.00  0.00  62.09  2386.98  0.00 
2.60  2.62  1.11  2.76  0.60  2.48  0.08  2.78  0.60  2.72  0.02  2.70  1.85  0.28  -0.50  0.31  -0.10  -0.12  112.19  83.08  455.15  44.76  70.20  11.49  -15.46  -13.33  0.00  0.00  0.00  0.00  96.49  -10.74  -40.11  -4.97  0.00  0.00  0.00  0.00  131.84  12721.17  0.00 
2.65  2.67  1.11  2.84  0.61  2.56  0.09  2.79  0.60  2.74  0.01  2.76  1.85  0.34  -0.50  0.24  -0.10  -0.13  111.47  108.51  460.54  52.97  54.77  25.07  -21.89  -4.12  0.00  0.00  571.84  1.32  126.07  -1.09  -23.93  -29.09  0.00  0.00  108.51  460.54  127.17  16031.94  0.00 
2.70  2.72  1.11  2.92  0.62  2.65  0.10  2.81  0.59  2.75  0.00  2.81  1.85  0.40  -0.48  0.18  -0.11  -0.12  112.89  102.62  444.97  48.76  37.34  42.06  -26.81  6.08  0.00  0.00  574.34  -11.29  118.08  8.61  6.87  -55.39  0.00  0.00  102.62  444.97  67.04  7916.88  0.00 
2.75  2.77  1.11  3.00  0.63  2.75  0.10  2.83  0.58  2.75  0.00  2.84  1.86  0.45  -0.44  0.13  -0.14  -0.10  115.85  66.13  414.62  33.45  20.16  59.75  -30.18  15.21  0.00  0.00  575.97  -20.54  -25.85  -8.66  -7.80  -9.74  0.00  0.00  66.13  414.62  2.07  53.55  0.00 
2.80  2.82  1.11  3.07  0.64  2.84  0.10  2.86  0.58  2.76  0.00  2.87  1.86  0.49  -0.39  0.09  -0.18  -0.07  118.98  6.41  386.02  11.89  5.45  73.79  -32.33  20.45  0.00  0.00  576.42  -26.72  -28.71  -32.03  10.31  -17.68  0.00  0.00  6.41  386.02  11.78  338.16  0.00 
2.85  2.87  1.11  3.13  0.65  2.93  0.09  2.90  0.58  2.77  0.01  2.90  1.86  0.52  -0.34  0.07  -0.24  -0.04  121.06  -58.33  372.50  -9.08  -5.24  82.43  -33.62  20.82  0.00  0.00  575.54  -31.03  -33.03  -73.61  36.66  -27.07  0.00  0.00  -58.33  372.50  28.36  936.68  0.00 
2.90  2.92  1.11  3.18  0.65  3.02  0.08  2.95  0.58  2.78  0.02  2.94  1.86  0.52  -0.28  0.06  -0.30  -0.03  121.67  -104.22  374.32  -22.80  -11.32  87.44  -34.09  17.78  0.00  0.00  0.00  0.00  -33.45  -112.14  42.92  -19.88  0.00  0.00  0.00  0.00  41.09  1374.29  0.00 
2.95  2.97  1.11  3.23  0.65  3.09  0.07  3.01  0.58  2.81  0.03  2.99  1.86  0.51  -0.23  0.08  -0.36  -0.02  121.06  -114.66  383.91  -24.92  -13.08  90.51  -33.43  12.92  0.00  0.00  0.00  0.00  -32.62  -117.43  43.59  -18.79  0.00  0.00  0.00  0.00  48.74  1590.28  0.00 
3.00  3.02  1.11  3.26  0.64  3.16  0.06  3.08  0.58  2.84  0.04  3.05  1.86  0.47  -0.18  0.11  -0.41  -0.04  119.52  -87.22  396.61  -14.77  -11.26  91.30  -31.23  6.82  0.00  0.00  0.00  0.00  -30.10  -87.23  38.88  -24.55  0.00  0.00  0.00  0.00  49.45  1488.33  0.00 
3.05  3.07  1.11  3.29  0.63  3.21  0.04  3.15  0.59  2.89  0.06  3.12  1.86  0.43  -0.14  0.16  -0.46  -0.06  117.17  -32.42  413.57  4.44  -6.59  88.56  -27.22  -0.32  0.00  0.00  0.00  0.00  -25.57  -29.70  29.13  -34.18  0.00  0.00  0.00  0.00  42.85  1095.75  0.00 
3.10  3.12  1.11  3.31  0.62  3.25  0.03  3.23  0.59  2.95  0.07  3.19  1.86  0.37  -0.11  0.21  -0.49  -0.09  114.36  30.72  435.31  26.61  0.56  81.42  -21.43  -8.02  0.00  0.00  0.00  0.00  -19.06  38.45  14.52  -41.72  0.00  0.00  0.00  0.00  30.46  580.38  0.00 
3.15  3.17  1.11  3.33  0.60  3.27  0.02  3.31  0.60  3.03  0.08  3.26  1.85  0.31  -0.10  0.27  -0.50  -0.12  112.01  81.89  455.01  44.69  10.43  69.77  -13.96  -15.50  0.00  0.00  0.00  0.00  -10.74  96.49  -4.97  -40.11  0.00  0.00  0.00  0.00  15.26  163.96  0.00 
3.20  3.22  1.11  3.35  0.60  3.29  0.01  3.40  0.61  3.11  0.09  3.32  1.85  0.24  -0.10  0.34  -0.50  -0.13  111.26  107.18  460.77  52.96  23.79  54.41  -4.86  -21.97  571.86  0.41  0.00  0.00  -1.09  126.07  -29.09  -23.93  107.18  460.77  0.00  0.00  1.25  1.37  179.84 
3.25  3.27  1.11  3.36  0.59  3.30  0.00  3.48  0.62  3.20  0.10  3.36  1.85  0.18  -0.12  0.40  -0.48  -0.12  112.66  101.67  445.61  48.82  40.83  37.03  5.44  -26.92  574.36  -12.27  0.00  0.00  8.61  118.08  -55.39  6.87  101.67  445.61  0.00  0.00  6.50  55.95  98.30 
3.30  3.32  1.11  3.39  0.58  3.30  0.00  3.55  0.63  3.30  0.10  3.40  1.86  0.12  -0.14  0.45  -0.44  -0.10  115.61  66.30  415.35  33.56  59.06  19.88  15.00  -30.30  575.99  -21.60  0.00  0.00  -8.66  -25.85  -9.74  -7.80  66.30  415.35  0.00  0.00  2.12  18.35  26.99 
3.35  3.37  1.11  3.42  0.58  3.31  0.00  3.62  0.64  3.39  0.10  3.43  1.86  0.08  -0.19  0.49  -0.40  -0.07  118.75  7.82  386.40  12.02  73.76  5.15  20.75  -32.45  576.44  -27.87  0.00  0.00  -32.03  -28.71  -17.68  10.31  7.82  386.40  0.00  0.00  10.91  349.40  35.19 
3.40  3.42  1.11  3.45  0.58  3.32  0.01  3.68  0.65  3.48  0.09  3.46  1.86  0.06  -0.24  0.51  -0.34  -0.04  120.85  -56.54  372.46  -8.98  82.63  -5.58  21.36  -33.74  575.57  -32.23  0.00  0.00  -73.61  -33.03  -27.07  36.66  -56.54  372.46  0.00  0.00  65.77  4841.28  99.65 
3.45  3.47  1.11  3.50  0.58  3.33  0.02  3.73  0.65  3.57  0.08  3.49  1.86  0.06  -0.30  0.52  -0.28  -0.03  121.50  -102.95  374.04  -22.76  87.41  -11.71  18.23  -34.22  0.00  0.00  0.00  0.00  -112.14  -33.45  -19.88  42.92  0.00  0.00  0.00  0.00  148.63  16667.48  0.00 
3.50  3.52  1.11  3.56  0.58  3.36  0.03  3.78  0.65  3.64  0.07  3.54  1.86  0.07  -0.36  0.50  -0.23  -0.02  120.90  -114.17  383.54  -24.95  90.17  -13.53  13.19  -33.59  0.00  0.00  0.00  0.00  -117.43  -32.62  -18.79  43.59  0.00  0.00  0.00  0.00  189.13  22210.02  0.00 
3.55  3.57  1.11  3.63  0.58  3.39  0.04  3.81  0.64  3.71  0.06  3.60  1.86  0.11  -0.41  0.47  -0.18  -0.04  119.37  -87.38  396.21  -14.85  90.77  -11.78  6.95  -31.45  0.00  0.00  0.00  0.00  -87.23  -30.10  -24.55  38.88  0.00  0.00  0.00  0.00  153.02  13347.73  0.00 
3.60  3.62  1.11  3.70  0.59  3.44  0.06  3.84  0.63  3.76  0.04  3.67  1.86  0.15  -0.46  0.43  -0.14  -0.06  117.02  -33.02  413.16  4.32  88.00  -7.22  -0.27  -27.55  0.00  0.00  0.00  0.00  -29.70  -25.57  -34.18  29.13  0.00  0.00  0.00  0.00  52.37  1555.17  0.00 
3.65  3.67  1.11  3.78  0.59  3.50  0.07  3.86  0.62  3.80  0.03  3.74  1.86  0.21  -0.49  0.37  -0.12  -0.09  114.20  29.81  434.97  26.49  80.90  -0.25  -8.02  -21.89  0.00  0.00  0.00  0.00  38.45  -19.06  -41.72  14.52  0.00  0.00  0.00  0.00  63.11  2426.32  0.00 
3.70  3.72  1.11  3.86  0.60  3.58  0.08  3.88  0.60  3.82  0.02  3.81  1.85  0.27  -0.50  0.30  -0.10  -0.12  111.83  80.71  454.87  44.61  69.33  9.37  -15.54  -14.57  0.00  0.00  0.00  0.00  96.49  -10.74  -40.11  -4.97  0.00  0.00  0.00  0.00  134.65  12992.67  0.00 
3.75  3.77  1.11  3.95  0.61  3.66  0.09  3.90  0.59  3.84  0.01  3.87  1.85  0.33  -0.50  0.24  -0.11  -0.13  111.05  105.85  461.01  52.95  54.05  22.49  -22.05  -5.59  0.00  0.00  571.87  -0.51  126.07  -1.09  -23.93  -29.09  0.00  0.00  105.85  461.01  131.07  16523.91  0.00 
3.80  3.82  1.11  4.03  0.62  3.75  0.10  3.92  0.59  3.85  0.00  3.92  1.85  0.39  -0.48  0.17  -0.12  -0.12  112.42  100.69  446.25  48.87  36.73  39.59  -27.02  4.81  0.00  0.00  574.38  -13.25  118.08  8.61  6.87  -55.39  0.00  0.00  100.69  446.25  70.82  8363.04  0.00 
3.85  3.88  1.11  4.10  0.63  3.85  0.10  3.94  0.58  3.85  0.00  3.95  1.86  0.45  -0.45  0.12  -0.15  -0.10  115.37  66.45  416.09  33.67  19.58  58.33  -30.42  14.79  0.00  0.00  576.02  -22.67  -25.85  -8.66  -7.80  -9.74  0.00  0.00  66.45  416.09  2.90  75.02  0.00 
3.90  3.93  1.11  4.17  0.64  3.94  0.10  3.97  0.58  3.86  0.00  3.98  1.86  0.49  -0.40  0.08  -0.19  -0.07  118.53  9.25  386.79  12.14  4.84  73.72  -32.57  21.07  0.00  0.00  576.47  -29.02  -28.71  -32.03  10.31  -17.68  0.00  0.00  9.25  386.79  10.88  312.44  0.00 
3.95  3.98  1.11  4.23  0.65  4.03  0.09  4.01  0.58  3.87  0.01  4.01  1.86  0.51  -0.35  0.06  -0.24  -0.04  120.65  -54.70  372.39  -8.87  -5.92  82.85  -33.86  21.91  0.00  0.00  575.60  -33.43  -33.03  -73.61  36.66  -27.07  0.00  0.00  -54.70  372.39  27.40  904.82  0.00 
4.00  4.03  1.11  4.29  0.65  4.12  0.08  4.05  0.58  3.88  0.02  4.04  1.86  0.51  -0.29  0.05  -0.30  -0.03  121.32  -101.65  373.73  -22.71  -12.11  87.40  -34.35  18.70  0.00  0.00  0.00  0.00  -33.45  -112.14  42.92  -19.88  0.00  0.00  0.00  0.00  40.21  1344.97  0.00 
4.05  4.08  1.11  4.33  0.65  4.19  0.07  4.11  0.58  3.91  0.03  4.09  1.86  0.50  -0.23  0.07  -0.36  -0.02  120.75  -113.69  383.16  -24.97  -13.98  89.82  -33.76  13.47  0.00  0.00  0.00  0.00  -32.62  -117.43  43.59  -18.79  0.00  0.00  0.00  0.00  48.02  1566.72  0.00 
4.10  4.13  1.11  4.37  0.64  4.26  0.06  4.18  0.58  3.94  0.04  4.15  1.86  0.47  -0.19  0.10  -0.41  -0.04  119.22  -87.55  395.81  -14.94  -12.31  90.24  -31.68  7.08  0.00  0.00  0.00  0.00  -30.10  -87.23  38.88  -24.55  0.00  0.00  0.00  0.00  48.95  1473.27  0.00 
4.15  4.18  1.11  4.40  0.63  4.31  0.04  4.25  0.59  3.99  0.06  4.22  1.86  0.42  -0.15  0.14  -0.46  -0.06  116.87  -33.63  412.76  4.20  -7.87  87.42  -27.87  -0.23  0.00  0.00  0.00  0.00  -25.57  -29.70  29.13  -34.18  0.00  0.00  0.00  0.00  42.62  1089.94  0.00 
4.20  4.23  1.11  4.42  0.62  4.35  0.03  4.33  0.59  4.05  0.07  4.30  1.86  0.37  -0.12  0.20  -0.49  -0.09  114.04  28.88  434.64  26.37  -1.07  80.37  -22.35  -8.03  0.00  0.00  0.00  0.00  -19.06  38.45  14.52  -41.72  0.00  0.00  0.00  0.00  30.50  581.28  0.00 
4.25  4.28  1.11  4.44  0.60  4.37  0.02  4.41  0.60  4.13  0.08  4.37  1.85  0.30  -0.11  0.26  -0.51  -0.12  111.65  79.52  454.74  44.53  8.31  68.88  -15.19  -15.59  0.00  0.00  0.00  0.00  -10.74  96.49  -4.97  -40.11  0.00  0.00  0.00  0.00  15.47  166.18  0.00 
4.30  4.33  1.11  4.45  0.59  4.39  0.01  4.50  0.61  4.21  0.09  4.42  1.85  0.24  -0.11  0.33  -0.51  -0.13  110.85  104.52  461.25  52.94  21.19  53.68  -6.32  -22.13  571.89  -1.43  0.00  0.00  -1.09  126.07  -29.09  -23.93  104.52  461.25  0.00  0.00  1.30  1.42  189.41 
4.35  4.38  1.11  4.47  0.59  4.40  0.00  4.58  0.62  4.30  0.10  4.47  1.85  0.17  -0.12  0.39  -0.49  -0.12  112.19  99.70  446.90  48.93  38.32  36.41  4.16  -27.12  574.40  -14.24  0.00  0.00  8.61  118.08  -55.39  6.87  99.70  446.90  0.00  0.00  7.09  61.03  108.32 
4.40  4.43  1.11  4.49  0.58  4.40  0.00  4.66  0.63  4.40  0.10  4.51  1.86  0.11  -0.15  0.44  -0.45  -0.10  115.13  66.57  416.85  33.77  57.59  19.29  14.56  -30.54  576.04  -23.74  0.00  0.00  -8.66  -25.85  -9.74  -7.80  66.57  416.85  0.00  0.00  2.85  24.64  36.12 
4.45  4.48  1.11  4.52  0.58  4.41  0.00  4.73  0.64  4.49  0.10  4.53  1.86  0.07  -0.19  0.48  -0.40  -0.07  118.30  10.69  387.17  12.27  73.68  4.53  21.39  -32.70  576.50  -30.18  0.00  0.00  -32.03  -28.71  -17.68  10.31  10.69  387.17  0.00  0.00  8.55  274.04  27.01 
4.50  4.53  1.11  4.56  0.58  4.42  0.01  4.79  0.65  4.58  0.09  4.56  1.86  0.05  -0.24  0.51  -0.35  -0.04  120.46  -52.81  372.31  -8.77  83.08  -6.28  22.50  -33.99  575.63  -34.65  0.00  0.00  -73.61  -33.03  -27.07  36.66  -52.81  372.31  0.00  0.00  62.65  4611.58  91.96 
4.55  4.58  1.11  4.60  0.58  4.43  0.02  4.84  0.65  4.67  0.08  4.60  1.86  0.05  -0.30  0.51  -0.29  -0.03  121.15  -100.32  373.42  -22.66  87.40  -12.51  19.18  -34.49  0.00  0.00  0.00  0.00  -112.14  -33.45  -19.88  42.92  0.00  0.00  0.00  0.00  147.33  16522.43  0.00 
4.60  4.63  1.11  4.66  0.58  4.46  0.03  4.88  0.64  4.74  0.07  4.65  1.86  0.06  -0.36  0.50  -0.24  -0.02  120.59  -113.22  382.78  -24.99  89.46  -14.45  13.75  -33.93  0.00  0.00  0.00  0.00  -117.43  -32.62  -18.79  43.59  0.00  0.00  0.00  0.00  190.10  22324.21  0.00 
4.65  4.68  1.11  4.73  0.58  4.49  0.04  4.92  0.64  4.81  0.06  4.71  1.86  0.09  -0.41  0.47  -0.19  -0.04  119.07  -87.74  395.41  -15.03  89.68  -12.86  7.21  -31.91  0.00  0.00  0.00  0.00  -87.23  -30.10  -24.55  38.88  0.00  0.00  0.00  0.00  154.67  13491.11  0.00 
4.70  4.73  1.11  4.80  0.59  4.54  0.06  4.95  0.63  4.86  0.04  4.78  1.86  0.14  -0.46  0.42  -0.15  -0.06  116.72  -34.26  412.37  4.08  86.82  -8.52  -0.18  -28.20  0.00  0.00  0.00  0.00  -29.70  -25.57  -34.18  29.13  0.00  0.00  0.00  0.00  53.09  1576.68  0.00 
4.75  4.78  1.11  4.88  0.59  4.60  0.07  4.97  0.62  4.90  0.03  4.85  1.86  0.19  -0.49  0.37  -0.13  -0.09  113.89  27.95  434.31  26.25  79.82  -1.89  -8.04  -22.80  0.00  0.00  0.00  0.00  38.45  -19.06  -41.72  14.52  0.00  0.00  0.00  0.00  64.17  2467.16  0.00 
4.80  4.83  1.11  4.97  0.60  4.68  0.08  4.99  0.60  4.92  0.02  4.92  1.85  0.26  -0.51  0.30  -0.11  -0.12  111.47  78.33  454.62  44.45  68.41  7.24  -15.64  -15.79  0.00  0.00  0.00  0.00  96.49  -10.74  -40.11  -4.97  0.00  0.00  0.00  0.00  137.53  13270.29  0.00 
4.85  4.88  1.11  5.05  0.61  4.76  0.09  5.00  0.59  4.94  0.01  4.98  1.85  0.32  -0.51  0.23  -0.11  -0.13  110.64  103.19  461.50  52.92  53.30  19.89  -22.21  -7.04  0.00  0.00  571.91  -2.35  126.07  -1.09  -23.93  -29.09  0.00  0.00  103.19  461.50  135.02  17022.21  0.00 
4.90  4.93  1.11  5.13  0.62  4.85  0.10  5.02  0.59  4.95  0.00  5.02  1.85  0.38  -0.49  0.17  -0.13  -0.12  111.96  98.67  447.56  48.99  36.08  37.02  -27.23  3.52  0.00  0.00  574.42  -15.22  118.08  8.61  6.87  -55.39  0.00  0.00  98.67  447.56  74.63  8812.13  0.00 
4.95  4.98  1.11  5.21  0.63  4.95  0.10  5.04  0.58  4.95  0.00  5.06  1.86  0.44  -0.46  0.11  -0.15  -0.10  114.89  66.67  417.61  33.88  18.98  56.81  -30.66  14.34  0.00  0.00  576.06  -24.81  -25.85  -8.66  -7.80  -9.74  0.00  0.00  66.67  417.61  3.73  96.53  0.00 
5.00  5.03  1.11  5.28  0.64  5.04  0.10  5.07  0.58  4.96  0.00  5.09  1.86  0.48  -0.41  0.07  -0.19  -0.07  118.08  12.16  387.55  12.39  4.21  73.64  -32.82  21.72  0.00  0.00  576.52  -31.34  -28.71  -32.03  10.31  -17.68  0.00  0.00  12.16  387.55  9.99  286.77  0.00 
5.05  5.08  1.11  5.34  0.65  5.13  0.09  5.11  0.58  4.97  0.01  5.12  1.86  0.50  -0.35  0.04  -0.24  -0.04  120.26  -50.86  372.20  -8.67  -6.64  83.35  -34.11  23.11  0.00  0.00  575.66  -35.87  -33.03  -73.61  36.66  -27.07  0.00  0.00  -50.86  372.20  26.44  873.18  0.00 
5.10  5.13  1.11  5.39  0.65  5.22  0.08  5.16  0.58  4.98  0.02  5.15  1.86  0.51  -0.30  0.04  -0.30  -0.03  120.98  -98.95  373.08  -22.62  -12.93  87.40  -34.62  19.69  0.00  0.00  0.00  0.00  -33.45  -112.14  42.92  -19.88  0.00  0.00  0.00  0.00  39.35  1316.05  0.00 
5.15  5.18  1.11  5.44  0.64  5.29  0.07  5.21  0.58  5.01  0.03  5.20  1.86  0.50  -0.24  0.06  -0.36  -0.02  120.44  -112.74  382.39  -25.02  -14.92  89.09  -34.09  14.03  0.00  0.00  0.00  0.00  -32.62  -117.43  43.59  -18.79  0.00  0.00  0.00  0.00  47.32  1543.75  0.00 
5.20  5.23  1.11  5.47  0.64  5.36  0.06  5.28  0.58  5.04  0.04  5.26  1.86  0.47  -0.20  0.09  -0.41  -0.04  118.93  -87.95  395.01  -15.11  -13.41  89.10  -32.14  7.34  0.00  0.00  0.00  0.00  -30.10  -87.23  38.88  -24.55  0.00  0.00  0.00  0.00  48.48  1458.89  0.00 
5.25  5.28  1.11  5.50  0.63  5.41  0.04  5.35  0.58  5.09  0.06  5.33  1.86  0.42  -0.16  0.13  -0.46  -0.06  116.57  -34.91  411.98  3.96  -9.18  86.20  -28.52  -0.14  0.00  0.00  0.00  0.00  -25.57  -29.70  29.13  -34.18  0.00  0.00  0.00  0.00  42.42  1084.73  0.00 
5.30  5.33  1.11  5.52  0.61  5.45  0.03  5.43  0.59  5.15  0.07  5.40  1.86  0.36  -0.13  0.19  -0.49  -0.09  113.73  27.00  433.99  26.13  -2.72  79.25  -23.25  -8.05  0.00  0.00  0.00  0.00  -19.06  38.45  14.52  -41.72  0.00  0.00  0.00  0.00  30.57  582.52  0.00 
5.35  5.38  1.11  5.54  0.60  5.47  0.02  5.52  0.60  5.23  0.08  5.47  1.85  0.30  -0.12  0.25  -0.51  -0.12  111.29  77.14  454.51  44.37  6.16  67.93  -16.39  -15.68  0.00  0.00  0.00  0.00  -10.74  96.49  -4.97  -40.11  0.00  0.00  0.00  0.00  15.68  168.48  0.00 
5.40  5.44  1.11  5.56  0.59  5.49  0.01  5.60  0.61  5.31  0.09  5.53  1.85  0.23  -0.12  0.32  -0.51  -0.13  110.43  101.85  461.75  52.91  18.57  52.90  -7.76  -22.29  571.93  -3.28  0.00  0.00  -1.09  126.07  -29.09  -23.93  101.85  461.75  0.00  0.00  1.34  1.47  199.00 
5.45  5.49  1.11  5.57  0.59  5.50  0.00  5.68  0.62  5.40  0.10  5.58  1.85  0.17  -0.13  0.38  -0.49  -0.12  111.73  97.62  448.23  49.04  35.70  35.75  2.87  -27.34  574.44  -16.22  0.00  0.00  8.61  118.08  -55.39  6.87  97.62  448.23  0.00  0.00  7.69  66.15  118.44 
5.50  5.54  1.11  5.59  0.58  5.50  0.00  5.76  0.63  5.50  0.10  5.61  1.86  0.11  -0.15  0.43  -0.46  -0.10  114.65  66.74  418.40  33.99  56.00  18.67  14.10  -30.78  576.09  -25.90  0.00  0.00  -8.66  -25.85  -9.74  -7.80  66.74  418.40  0.00  0.00  3.59  31.08  45.31 
5.55  5.59  1.11  5.62  0.58  5.51  0.00  5.83  0.64  5.59  0.10  5.64  1.86  0.06  -0.19  0.48  -0.41  -0.07  117.85  13.65  387.93  12.52  73.60  3.88  22.07  -32.95  576.54  -32.52  0.00  0.00  -32.03  -28.71  -17.68  10.31  13.65  387.93  0.00  0.00  6.12  196.03  18.85 
5.60  5.64  1.11  5.66  0.58  5.52  0.01  5.89  0.64  5.68  0.09  5.67  1.86  0.04  -0.24  0.50  -0.36  -0.04  120.06  -48.85  372.07  -8.57  83.64  -7.00  23.75  -34.24  575.68  -37.10  0.00  0.00  -73.61  -33.03  -27.07  36.66  -48.85  372.07  0.00  0.00  59.49  4379.06  84.25 
5.65  5.69  1.11  5.71  0.58  5.53  0.02  5.94  0.65  5.77  0.08  5.71  1.86  0.04  -0.30  0.51  -0.30  -0.03  120.81  -97.54  372.72  -22.57  87.43  -13.34  20.22  -34.76  0.00  0.00  0.00  0.00  -112.14  -33.45  -19.88  42.92  0.00  0.00  0.00  0.00  146.25  16400.52  0.00 
5.70  5.74  1.11  5.76  0.58  5.56  0.03  5.99  0.64  5.84  0.07  5.75  1.86  0.05  -0.36  0.49  -0.25  -0.02  120.28  -112.27  381.99  -25.04  88.71  -15.41  14.33  -34.26  0.00  0.00  0.00  0.00  -117.43  -32.62  -18.79  43.59  0.00  0.00  0.00  0.00  191.38  22473.94  0.00 
5.75  5.79  1.11  5.83  0.58  5.59  0.04  6.02  0.64  5.91  0.06  5.81  1.86  0.08  -0.42  0.46  -0.20  -0.04  118.78  -88.19  394.61  -15.20  88.50  -13.97  7.47  -32.37  0.00  0.00  0.00  0.00  -87.23  -30.10  -24.55  38.88  0.00  0.00  0.00  0.00  156.50  13651.49  0.00 
5.80  5.84  1.11  5.91  0.58  5.64  0.06  6.05  0.63  5.96  0.04  5.88  1.86  0.13  -0.46  0.42  -0.16  -0.06  116.43  -35.59  411.59  3.84  85.56  -9.85  -0.10  -28.84  0.00  0.00  0.00  0.00  -29.70  -25.57  -34.18  29.13  0.00  0.00  0.00  0.00  53.86  1599.64  0.00 
5.85  5.89  1.11  5.98  0.59  5.70  0.07  6.08  0.61  6.00  0.03  5.96  1.86  0.18  -0.50  0.36  -0.14  -0.09  113.57  26.03  433.68  26.01  78.67  -3.56  -8.06  -23.70  0.00  0.00  0.00  0.00  38.45  -19.06  -41.72  14.52  0.00  0.00  0.00  0.00  65.28  2509.65  0.00 
5.90  5.94  1.11  6.07  0.60  5.78  0.08  6.09  0.60  6.02  0.02  6.03  1.85  0.25  -0.51  0.30  -0.12  -0.12  111.11  75.94  454.40  44.29  67.44  5.09  -15.73  -16.99  0.00  0.00  0.00  0.00  96.49  -10.74  -40.11  -4.97  0.00  0.00  0.00  0.00  140.47  13554.57  0.00 
5.95  5.99  1.11  6.15  0.61  5.86  0.09  6.11  0.59  6.04  0.01  6.09  1.85  0.31  -0.51  0.23  -0.12  -0.13  110.22  100.49  462.01  52.90  52.50  17.23  -22.37  -8.48  0.00  0.00  571.95  -4.22  126.07  -1.09  -23.93  -29.09  0.00  0.00  100.49  462.01  139.03  17527.43  0.00 
6.00  6.04  1.11  6.23  0.62  5.95  0.10  6.13  0.59  6.05  0.00  6.13  1.85  0.37  -0.50  0.16  -0.13  -0.12  111.49  96.54  448.90  49.10  35.41  34.34  -27.44  2.20  0.00  0.00  574.46  -17.22  118.08  8.61  6.87  -55.39  0.00  0.00  96.54  448.90  78.46  9264.51  0.00 
6.05  6.09  1.11  6.31  0.63  6.05  0.10  6.14  0.58  6.05  0.00  6.17  1.86  0.43  -0.46  0.10  -0.16  -0.10  114.42  66.77  419.20  34.10  18.35  55.16  -30.90  13.85  0.00  0.00  576.11  -26.98  -25.85  -8.66  -7.80  -9.74  0.00  0.00  66.77  419.20  4.57  118.10  0.00 
6.10  6.14  1.11  6.38  0.64  6.14  0.10  6.17  0.58  6.06  0.00  6.19  1.86  0.47  -0.42  0.06  -0.19  -0.07  117.63  15.17  388.31  12.64  3.55  73.57  -33.07  22.44  0.00  0.00  576.57  -33.69  -28.71  -32.03  10.31  -17.68  0.00  0.00  15.17  388.31  9.09  261.13  0.00 
6.15  6.19  1.11  6.44  0.64  6.23  0.09  6.21  0.58  6.07  0.01  6.22  1.86  0.50  -0.36  0.03  -0.24  -0.04  119.87  -46.76  371.92  -8.46  -7.38  83.96  -34.37  24.43  0.00  0.00  575.70  -38.33  -33.03  -73.61  36.66  -27.07  0.00  0.00  -46.76  371.92  25.49  841.72  0.00 
6.20  6.24  1.11  6.50  0.65  6.32  0.08  6.26  0.58  6.08  0.02  6.26  1.86  0.50  -0.31  0.03  -0.30  -0.03  120.64  -96.08  372.35  -22.52  -13.77  87.47  -34.90  20.78  0.00  0.00  0.00  0.00  -33.45  -112.14  42.92  -19.88  0.00  0.00  0.00  0.00  38.50  1287.50  0.00 
6.25  6.29  1.11  6.54  0.64  6.39  0.07  6.31  0.58  6.11  0.03  6.31  1.86  0.49  -0.25  0.04  -0.36  -0.02  120.13  -111.79  381.59  -25.06  -15.90  88.32  -34.43  14.63  0.00  0.00  0.00  0.00  -32.62  -117.43  43.59  -18.79  0.00  0.00  0.00  0.00  46.63  1521.32  0.00 
6.30  6.34  1.11  6.58  0.64  6.46  0.06  6.38  0.58  6.14  0.04  6.37  1.86  0.46  -0.21  0.08  -0.42  -0.04  118.64  -88.44  394.22  -15.28  -14.53  87.88  -32.59  7.59  0.00  0.00  0.00  0.00  -30.10  -87.23  38.88  -24.55  0.00  0.00  0.00  0.00  48.02  1445.14  0.00 
6.35  6.39  1.11  6.61  0.63  6.51  0.04  6.46  0.58  6.19  0.06  6.44  1.86  0.42  -0.17  0.12  -0.46  -0.06  116.28  -36.29  411.21  3.71  -10.53  84.90  -29.16  -0.07  0.00  0.00  0.00  0.00  -25.57  -29.70  29.13  -34.18  0.00  0.00  0.00  0.00  42.23  1080.08  0.00 
6.40  6.44  1.11  6.63  0.61  6.55  0.03  6.54  0.59  6.25  0.07  6.51  1.86  0.36  -0.14  0.18  -0.50  -0.09  113.41  25.05  433.37  25.89  -4.41  78.07  -24.14  -8.07  0.00  0.00  0.00  0.00  -19.06  38.45  14.52  -41.72  0.00  0.00  0.00  0.00  30.65  584.09  0.00 
6.45  6.49  1.11  6.65  0.60  6.57  0.02  6.62  0.60  6.33  0.08  6.58  1.85  0.30  -0.13  0.24  -0.52  -0.12  110.93  74.73  454.30  44.22  4.00  66.93  -17.58  -15.78  0.00  0.00  0.00  0.00  -10.74  96.49  -4.97  -40.11  0.00  0.00  0.00  0.00  15.91  170.87  0.00 
6.50  6.54  1.11  6.66  0.59  6.59  0.01  6.70  0.60  6.41  0.09  6.64  1.85  0.23  -0.13  0.31  -0.52  -0.13  110.01  99.13  462.28  52.88  15.89  52.08  -9.20  -22.45  571.97  -5.15  0.00  0.00  -1.09  126.07  -29.09  -23.93  99.13  462.28  0.00  0.00  1.39  1.52  208.61 
6.55  6.59  1.11  6.68  0.59  6.60  0.00  6.78  0.62  6.50  0.10  6.69  1.85  0.16  -0.14  0.37  -0.50  -0.12  111.26  95.41  449.59  49.15  32.96  35.05  1.53  -27.55  574.48  -18.22  0.00  0.00  8.61  118.08  -55.39  6.87  95.41  449.59  0.00  0.00  8.29  71.36  128.65 
6.60  6.64  1.11  6.70  0.58  6.60  0.00  6.86  0.63  6.60  0.10  6.72  1.86  0.10  -0.16  0.43  -0.47  -0.10  114.18  66.77  420.02  34.21  54.28  18.02  13.60  -31.02  576.13  -28.08  0.00  0.00  56.83  -31.02  -47.20  13.00  66.77  420.02  0.00  0.00  28.62  1626.25  54.58 
6.65  6.69  1.11  6.72  0.58  6.61  0.00  6.93  0.64  6.69  0.10  6.75  1.86  0.05  -0.19  0.47  -0.42  -0.07  117.41  16.73  388.69  12.77  73.54  3.21  22.82  -33.20  576.59  -34.88  0.00  0.00  -8.75  -33.20  -42.76  29.99  16.73  388.69  0.00  0.00  0.98  8.56  10.71 
6.70  6.74  1.11  6.76  0.58  6.62  0.01  7.00  0.64  6.78  0.09  6.78  1.86  0.03  -0.24  0.49  -0.37  -0.04  119.68  -44.58  371.74  -8.36  84.32  -7.75  25.15  -34.50  575.72  -39.58  0.00  0.00  -70.80  -34.50  -33.89  42.25  -44.58  371.74  0.00  0.00  54.13  3832.28  76.52 
6.75  6.79  1.11  6.81  0.58  6.63  0.02  7.05  0.65  6.87  0.08  6.81  1.86  0.02  -0.30  0.50  -0.31  -0.03  120.48  -94.57  371.95  -22.47  87.53  -14.20  21.36  -35.03  0.00  0.00  0.00  0.00  -111.52  -35.03  -26.77  49.24  0.00  0.00  0.00  0.00  144.60  16125.31  0.00 
6.80  6.84  1.11  6.86  0.58  6.66  0.03  7.09  0.64  6.94  0.07  6.86  1.86  0.04  -0.36  0.49  -0.26  -0.02  119.98  -111.32  381.18  -25.08  87.92  -16.39  14.93  -34.60  0.00  0.00  0.00  0.00  -119.03  -34.60  -25.91  50.99  0.00  0.00  0.00  0.00  195.63  23285.90  0.00 
6.85  6.89  1.11  6.93  0.58  6.69  0.04  7.13  0.64  7.01  0.06  6.92  1.86  0.07  -0.42  0.46  -0.21  -0.04  118.49  -88.73  393.82  -15.37  87.23  -15.11  7.71  -32.82  0.00  0.00  0.00  0.00  -90.56  -32.82  -32.57  47.93  0.00  0.00  0.00  0.00  164.63  14909.66  0.00 
6.90  6.95  1.11  7.01  0.58  6.74  0.06  7.16  0.63  7.06  0.04  6.99  1.86  0.12  -0.46  0.42  -0.17  -0.06  116.14  -37.02  410.83  3.59  84.21  -11.22  -0.04  -29.48  0.00  0.00  0.00  0.00  -33.56  -29.48  -44.29  40.70  0.00  0.00  0.00  0.00  61.80  2073.61  0.00 
6.95  7.00  1.11  7.09  0.59  6.80  0.07  7.18  0.61  7.10  0.03  7.06  1.86  0.17  -0.50  0.36  -0.15  -0.09  113.26  24.05  433.07  25.77  77.44  -5.26  -8.09  -24.58  0.00  0.00  0.00  0.00  35.99  -24.58  -55.62  29.84  0.00  0.00  0.00  0.00  62.18  2238.06  0.00 
7.00  7.05  1.11  7.17  0.59  6.88  0.08  7.20  0.60  7.12  0.02  7.13  1.85  0.24  -0.52  0.30  -0.13  -0.12  110.75  73.51  454.21  44.14  66.41  2.91  -15.84  -18.17  0.00  0.00  0.00  0.00  97.78  -18.17  -59.40  15.26  0.00  0.00  0.00  0.00  145.41  14217.58  0.00 
7.05  7.10  1.11  7.25  0.60  6.96  0.09  7.22  0.59  7.14  0.01  7.19  1.85  0.30  -0.52  0.23  -0.13  -0.13  109.81  97.74  462.55  52.87  51.65  14.52  -22.53  -9.92  0.00  0.00  571.99  -6.10  132.79  -9.92  -48.26  -4.61  0.00  0.00  97.74  462.55  150.73  20015.56  0.00 
7.10  7.15  1.11  7.34  0.61  7.05  0.10  7.23  0.59  7.15  0.00  7.24  1.85  0.37  -0.50  0.16  -0.14  -0.12  111.03  94.24  450.29  49.21  34.69  31.53  -27.66  0.85  0.00  0.00  574.50  -19.23  128.98  0.85  -16.83  -32.38  0.00  0.00  94.24  450.29  89.91  11597.23  0.00 
7.15  7.20  1.11  7.41  0.63  7.15  0.10  7.25  0.58  7.15  0.00  7.27  1.86  0.42  -0.47  0.10  -0.16  -0.10  113.94  66.73  420.86  34.31  17.69  53.37  -31.15  13.33  0.00  0.00  576.15  -29.17  87.34  13.33  32.39  -66.70  0.00  0.00  66.73  420.86  18.26  1595.07  0.00 
7.20  7.25  1.11  7.48  0.64  7.24  0.10  7.27  0.58  7.16  0.00  7.30  1.86  0.46  -0.42  0.05  -0.19  -0.07  117.20  18.32  389.07  12.89  2.87  73.52  -33.33  23.22  0.00  0.00  576.61  -36.07  25.71  23.22  83.84  -96.73  0.00  0.00  18.32  389.07  7.34  188.77  0.00 
7.25  7.30  1.11  7.55  0.64  7.33  0.09  7.31  0.58  7.17  0.01  7.33  1.86  0.49  -0.37  0.02  -0.24  -0.04  119.49  -42.31  371.53  -8.25  -8.14  84.73  -34.63  25.90  0.00  0.00  575.74  -40.83  -29.50  25.90  118.89  -110.63  0.00  0.00  -42.31  371.53  21.92  646.66  0.00 
7.30  7.35  1.11  7.60  0.64  7.42  0.08  7.36  0.58  7.18  0.02  7.37  1.86  0.50  -0.32  0.02  -0.30  -0.03  120.31  -93.00  371.53  -22.42  -14.64  87.61  -35.17  21.98  0.00  0.00  0.00  0.00  -60.80  21.98  132.01  -109.59  0.00  0.00  0.00  0.00  68.45  4161.73  0.00 
7.35  7.40  1.11  7.65  0.64  7.49  0.07  7.41  0.58  7.21  0.03  7.41  1.86  0.49  -0.26  0.03  -0.36  -0.02  119.84  -110.86  380.76  -25.10  -16.90  87.50  -34.77  15.25  0.00  0.00  0.00  0.00  -63.62  15.25  127.85  -102.75  0.00  0.00  0.00  0.00  89.62  5701.73  0.00 
7.40  7.45  1.11  7.68  0.63  7.56  0.06  7.48  0.58  7.24  0.04  7.47  1.86  0.46  -0.21  0.06  -0.42  -0.04  118.35  -89.04  393.43  -15.45  -15.69  86.55  -33.05  7.83  0.00  0.00  0.00  0.00  -38.61  7.83  109.83  -94.38  0.00  0.00  0.00  0.00  61.05  2357.37  0.00 
7.45  7.50  1.11  7.71  0.62  7.61  0.04  7.56  0.58  7.29  0.06  7.54  1.86  0.41  -0.18  0.11  -0.47  -0.06  115.99  -37.77  410.46  3.47  -11.91  83.50  -29.80  -0.02  0.00  0.00  0.00  0.00  8.88  -0.02  80.01  -83.48  0.00  0.00  0.00  0.00  14.61  129.83  0.00 
7.50  7.55  1.11  7.73  0.61  7.65  0.03  7.64  0.59  7.35  0.07  7.62  1.86  0.36  -0.15  0.17  -0.50  -0.09  113.10  23.03  432.78  25.65  -6.12  76.80  -25.02  -8.11  0.00  0.00  0.00  0.00  65.22  -8.11  43.04  -68.69  0.00  0.00  0.00  0.00  105.25  6864.91  0.00 
7.55  7.60  1.11  7.75  0.60  7.67  0.02  7.72  0.59  7.43  0.08  7.69  1.85  0.29  -0.14  0.23  -0.52  -0.12  110.58  72.29  454.12  44.06  1.81  65.87  -18.76  -15.89  0.00  0.00  0.00  0.00  110.56  -15.89  5.93  -49.98  0.00  0.00  0.00  0.00  166.09  18362.25  0.00 
7.60  7.65  1.11  7.77  0.59  7.69  0.01  7.80  0.60  7.51  0.09  7.75  1.85  0.22  -0.13  0.30  -0.52  -0.13  109.60  69.20  462.96  45.63  11.43  54.96  -12.32  -21.31  572.02  -7.04  0.00  0.00  101.12  -21.31  -11.98  -33.65  69.20  462.96  0.00  0.00  133.19  13467.90  218.31 
7.65  7.70  1.11  7.78  0.59  7.70  0.00  7.89  0.61  7.60  0.10  7.79  1.85  0.16  -0.14  0.36  -0.50  -0.12  110.80  47.33  461.82  38.57  11.81  54.84  -9.45  -22.71  574.53  -20.24  0.00  0.00  64.36  -22.71  -6.44  -32.12  47.33  461.82  0.00  0.00  77.62  4995.62  165.79 
