0.00  0.00  1.09  -0.09  0.57  -0.25  0.00  0.15  0.58  0.25  0.00  0.08  1.84  0.17  0.28  -0.28  -0.17  -0.10  101.32  -23.57  570.79  46.24  569.04  -103.38 
0.05  0.05  1.09  0.01  0.56  -0.19  0.01  0.22  0.59  0.25  0.00  0.10  1.84  0.07  0.35  -0.33  -0.05  -0.07  103.81  3.00  570.31  44.54  568.65  -88.40 
0.10  0.09  1.09  0.12  0.56  -0.14  0.03  0.27  0.59  0.25  0.00  0.12  1.84  -0.05  0.45  -0.34  0.03  -0.04  106.23  26.87  0.00  0.00  568.98  -70.69 
0.15  0.14  1.09  0.23  0.57  -0.07  0.06  0.31  0.59  0.25  0.00  0.16  1.84  -0.17  0.53  -0.32  0.09  -0.02  109.25  44.21  0.00  0.00  569.43  -54.36 
0.20  0.18  1.09  0.32  0.58  0.01  0.08  0.34  0.58  0.25  0.00  0.20  1.84  -0.27  0.57  -0.30  0.15  -0.02  112.45  52.60  0.00  0.00  569.96  -41.22 
0.25  0.23  1.09  0.41  0.59  0.09  0.10  0.37  0.58  0.25  0.00  0.26  1.84  -0.36  0.57  -0.26  0.20  -0.04  114.97  51.69  0.00  0.00  570.50  -31.57 
0.30  0.27  1.09  0.49  0.61  0.19  0.10  0.39  0.57  0.25  0.00  0.32  1.84  -0.42  0.53  -0.22  0.24  -0.06  115.74  43.26  0.00  0.00  570.85  -24.36 
0.35  0.32  1.09  0.56  0.62  0.31  0.08  0.41  0.57  0.25  0.00  0.39  1.84  -0.46  0.44  -0.17  0.28  -0.09  114.17  30.58  0.00  0.00  570.93  -17.50 
0.40  0.37  1.09  0.61  0.62  0.43  0.06  0.43  0.56  0.25  0.00  0.45  1.83  -0.48  0.31  -0.11  0.30  -0.12  110.65  17.21  0.00  0.00  570.86  -8.60 
0.45  0.41  1.09  0.64  0.61  0.56  0.03  0.43  0.56  0.25  0.00  0.51  1.83  -0.45  0.14  -0.04  0.32  -0.13  106.37  5.46  0.00  0.00  570.89  4.37 
0.50  0.46  1.09  0.65  0.60  0.70  0.01  0.43  0.56  0.25  0.00  0.55  1.83  -0.37  -0.10  0.04  0.32  -0.12  101.76  -7.17  564.76  -113.26  571.08  22.63 
0.55  0.50  1.09  0.68  0.59  0.70  0.00  0.41  0.57  0.25  0.00  0.58  1.84  -0.33  -0.05  0.18  0.27  -0.10  103.29  -22.84  568.00  -95.11  570.58  48.13 
0.60  0.55  1.09  0.72  0.59  0.70  0.00  0.51  0.56  0.31  0.01  0.60  1.84  -0.34  0.03  0.08  0.35  -0.07  103.96  -1.65  568.58  -77.07  570.29  45.83 
0.65  0.59  1.09  0.76  0.59  0.70  0.00  0.62  0.56  0.36  0.03  0.63  1.84  -0.32  0.10  -0.05  0.45  -0.04  105.66  19.29  569.30  -58.21  0.00  0.00 
0.70  0.64  1.09  0.80  0.58  0.70  0.00  0.73  0.57  0.43  0.06  0.66  1.84  -0.30  0.15  -0.16  0.53  -0.02  108.28  34.35  569.98  -41.10  0.00  0.00 
0.75  0.69  1.09  0.82  0.58  0.70  0.00  0.82  0.58  0.51  0.08  0.70  1.84  -0.26  0.20  -0.26  0.57  -0.02  111.24  40.91  570.64  -27.30  0.00  0.00 
0.80  0.73  1.09  0.85  0.57  0.70  0.00  0.91  0.59  0.59  0.10  0.76  1.84  -0.22  0.24  -0.35  0.58  -0.04  113.66  38.58  571.22  -17.06  0.00  0.00 
0.85  0.78  1.09  0.87  0.57  0.70  0.00  0.99  0.61  0.69  0.10  0.82  1.84  -0.17  0.28  -0.42  0.53  -0.06  114.49  29.10  571.55  -9.24  0.00  0.00 
0.90  0.82  1.09  0.88  0.56  0.70  0.00  1.06  0.62  0.81  0.08  0.89  1.84  -0.11  0.30  -0.46  0.45  -0.09  113.11  15.66  571.52  -1.74  0.00  0.00 
0.95  0.87  1.09  0.89  0.56  0.70  0.00  1.11  0.62  0.93  0.06  0.96  1.83  -0.04  0.32  -0.47  0.31  -0.12  109.96  1.66  571.24  7.95  0.00  0.00 
1.00  0.92  1.09  0.89  0.56  0.70  0.00  1.15  0.61  1.06  0.03  1.01  1.83  0.05  0.32  -0.45  0.14  -0.13  106.37  -11.04  570.87  22.13  0.00  0.00 
1.05  0.96  1.09  0.85  0.57  0.70  0.00  1.15  0.60  1.20  0.01  1.05  1.83  0.20  0.26  -0.37  -0.09  -0.12  103.96  -29.14  569.76  44.78  564.67  -112.67 
1.10  1.01  1.09  0.92  0.57  0.76  0.00  1.15  0.58  1.26  0.00  1.08  1.84  0.17  0.28  -0.28  -0.17  -0.10  101.30  -23.70  570.78  46.17  569.04  -103.45 
1.15  1.05  1.09  1.02  0.56  0.81  0.01  1.23  0.59  1.26  0.00  1.11  1.84  0.07  0.35  -0.33  -0.05  -0.07  103.80  2.85  570.30  44.45  568.64  -88.49 
1.20  1.10  1.09  1.13  0.56  0.87  0.03  1.27  0.59  1.26  0.00  1.13  1.84  -0.05  0.45  -0.34  0.03  -0.04  106.22  26.75  0.00  0.00  568.98  -70.76 
1.25  1.14  1.09  1.23  0.57  0.94  0.06  1.31  0.59  1.26  0.00  1.16  1.84  -0.17  0.53  -0.32  0.09  -0.02  109.25  44.16  0.00  0.00  569.43  -54.39 
1.30  1.19  1.09  1.33  0.58  1.01  0.08  1.35  0.58  1.26  0.00  1.21  1.84  -0.27  0.57  -0.30  0.15  -0.02  112.45  52.63  0.00  0.00  569.96  -41.20 
1.35  1.24  1.09  1.42  0.59  1.10  0.10  1.37  0.58  1.26  0.00  1.26  1.84  -0.36  0.57  -0.26  0.20  -0.04  114.97  51.79  0.00  0.00  570.50  -31.52 
1.40  1.28  1.09  1.50  0.61  1.20  0.10  1.40  0.57  1.26  0.00  1.33  1.84  -0.42  0.53  -0.22  0.24  -0.06  115.76  43.40  0.00  0.00  570.86  -24.28 
1.45  1.33  1.09  1.56  0.62  1.31  0.08  1.42  0.57  1.26  0.00  1.40  1.84  -0.46  0.44  -0.17  0.28  -0.09  114.19  30.72  0.00  0.00  570.94  -17.43 
1.50  1.37  1.09  1.62  0.62  1.44  0.06  1.43  0.56  1.26  0.00  1.46  1.83  -0.48  0.31  -0.11  0.30  -0.12  110.66  17.30  0.00  0.00  570.87  -8.55 
1.55  1.42  1.09  1.65  0.61  1.57  0.03  1.44  0.56  1.26  0.00  1.51  1.83  -0.45  0.14  -0.04  0.32  -0.13  106.38  5.48  0.00  0.00  570.90  4.38 
1.60  1.46  1.09  1.65  0.60  1.71  0.01  1.44  0.56  1.26  0.00  1.56  1.83  -0.37  -0.10  0.04  0.32  -0.12  101.75  -7.23  564.75  -113.30  571.07  22.59 
1.65  1.51  1.09  1.68  0.59  1.71  0.00  1.41  0.57  1.26  0.00  1.59  1.84  -0.33  -0.05  0.18  0.27  -0.10  103.27  -22.96  567.99  -95.18  570.58  48.05 
1.70  1.56  1.09  1.73  0.59  1.71  0.00  1.52  0.56  1.31  0.01  1.61  1.84  -0.34  0.03  0.08  0.35  -0.07  103.95  -1.78  568.58  -77.15  570.28  45.74 
1.75  1.60  1.09  1.77  0.59  1.71  0.00  1.63  0.56  1.37  0.03  1.63  1.84  -0.32  0.10  -0.05  0.45  -0.04  105.65  19.18  569.30  -58.28  0.00  0.00 
1.80  1.65  1.09  1.80  0.58  1.71  0.00  1.73  0.57  1.44  0.06  1.67  1.84  -0.30  0.15  -0.16  0.53  -0.02  108.28  34.30  569.98  -41.13  0.00  0.00 
1.85  1.69  1.09  1.83  0.58  1.71  0.00  1.83  0.58  1.51  0.08  1.71  1.84  -0.26  0.20  -0.26  0.57  -0.02  111.24  40.95  570.64  -27.29  0.00  0.00 
1.90  1.74  1.09  1.85  0.57  1.71  0.00  1.92  0.59  1.60  0.10  1.77  1.84  -0.22  0.24  -0.35  0.58  -0.04  113.67  38.68  571.22  -17.00  0.00  0.00 
1.95  1.78  1.09  1.87  0.57  1.71  0.00  2.00  0.61  1.70  0.10  1.83  1.84  -0.17  0.28  -0.42  0.53  -0.06  114.50  29.24  571.56  -9.16  0.00  0.00 
2.00  1.83  1.09  1.89  0.56  1.71  0.00  2.07  0.62  1.81  0.08  1.90  1.84  -0.11  0.30  -0.46  0.45  -0.09  113.12  15.79  571.53  -1.66  0.00  0.00 
2.05  1.88  1.09  1.90  0.56  1.71  0.00  2.12  0.62  1.94  0.06  1.96  1.83  -0.04  0.32  -0.47  0.31  -0.12  109.97  1.75  571.24  8.00  0.00  0.00 
2.10  1.92  1.09  1.90  0.56  1.71  0.00  2.15  0.61  2.07  0.03  2.02  1.83  0.05  0.32  -0.45  0.14  -0.13  106.37  -11.03  570.87  22.14  0.00  0.00 
2.15  1.97  1.09  1.86  0.57  1.71  0.00  2.16  0.60  2.21  0.01  2.06  1.83  0.20  0.26  -0.37  -0.09  -0.12  103.95  -29.22  569.75  44.74  564.66  -112.71 
2.20  2.01  1.09  1.92  0.57  1.76  0.00  2.16  0.58  2.26  0.00  2.09  1.84  0.17  0.28  -0.28  -0.17  -0.10  101.29  -23.84  570.78  46.10  569.03  -103.52 
2.25  2.06  1.09  2.02  0.56  1.82  0.01  2.23  0.59  2.26  0.00  2.11  1.84  0.07  0.35  -0.33  -0.05  -0.07  103.78  2.70  570.30  44.37  568.64  -88.57 
2.30  2.10  1.09  2.13  0.56  1.88  0.03  2.28  0.59  2.26  0.00  2.14  1.84  -0.05  0.45  -0.34  0.03  -0.04  106.21  26.62  0.00  0.00  568.97  -70.83 
2.35  2.15  1.09  2.24  0.57  1.94  0.06  2.32  0.59  2.26  0.00  2.17  1.84  -0.17  0.53  -0.32  0.09  -0.02  109.25  44.10  0.00  0.00  569.43  -54.42 
2.40  2.20  1.09  2.34  0.58  2.02  0.08  2.35  0.58  2.26  0.00  2.21  1.84  -0.27  0.57  -0.30  0.15  -0.02  112.45  52.65  0.00  0.00  569.96  -41.19 
2.45  2.24  1.09  2.43  0.59  2.11  0.10  2.38  0.58  2.26  0.00  2.27  1.84  -0.36  0.57  -0.26  0.20  -0.04  114.98  51.89  0.00  0.00  570.50  -31.46 
2.50  2.29  1.09  2.50  0.61  2.21  0.10  2.40  0.57  2.26  0.00  2.33  1.84  -0.42  0.53  -0.22  0.24  -0.06  115.77  43.55  0.00  0.00  570.87  -24.20 
2.55  2.33  1.09  2.57  0.62  2.32  0.08  2.42  0.57  2.26  0.00  2.40  1.84  -0.46  0.44  -0.17  0.28  -0.09  114.21  30.86  0.00  0.00  570.95  -17.35 
2.60  2.38  1.09  2.62  0.62  2.44  0.06  2.44  0.56  2.26  0.00  2.47  1.83  -0.48  0.31  -0.11  0.30  -0.12  110.68  17.39  0.00  0.00  570.87  -8.50 
2.65  2.42  1.09  2.66  0.61  2.58  0.03  2.45  0.56  2.26  0.00  2.52  1.83  -0.45  0.14  -0.04  0.32  -0.13  106.38  5.50  0.00  0.00  570.90  4.38 
2.70  2.47  1.09  2.66  0.60  2.72  0.01  2.45  0.56  2.26  0.00  2.56  1.83  -0.37  -0.10  0.04  0.32  -0.12  101.74  -7.29  564.75  -113.34  571.07  22.55 
2.75  2.52  1.09  2.69  0.59  2.72  0.00  2.42  0.57  2.26  0.00  2.59  1.84  -0.33  -0.05  0.18  0.27  -0.10  103.25  -23.07  567.99  -95.25  570.57  47.98 
2.80  2.56  1.09  2.74  0.59  2.72  0.00  2.52  0.56  2.32  0.01  2.62  1.84  -0.34  0.03  0.08  0.35  -0.07  103.93  -1.92  568.57  -77.23  570.27  45.66 
2.85  2.61  1.09  2.78  0.59  2.72  0.00  2.63  0.56  2.38  0.03  2.64  1.84  -0.32  0.10  -0.05  0.45  -0.04  105.65  19.07  569.30  -58.35  0.00  0.00 
2.90  2.65  1.09  2.81  0.58  2.72  0.00  2.74  0.57  2.44  0.06  2.67  1.84  -0.30  0.15  -0.16  0.53  -0.03  108.27  34.26  569.98  -41.16  0.00  0.00 
2.95  2.70  1.09  2.84  0.58  2.72  0.00  2.84  0.58  2.52  0.08  2.72  1.84  -0.26  0.20  -0.26  0.57  -0.02  111.24  40.98  570.64  -27.27  0.00  0.00 
3.00  2.75  1.09  2.86  0.57  2.72  0.00  2.93  0.59  2.61  0.10  2.77  1.84  -0.22  0.24  -0.35  0.58  -0.04  113.67  38.79  571.22  -16.94  0.00  0.00 
3.05  2.79  1.09  2.88  0.57  2.72  0.00  3.01  0.61  2.71  0.10  2.84  1.84  -0.17  0.28  -0.42  0.53  -0.06  114.51  29.38  571.56  -9.08  0.00  0.00 
3.10  2.84  1.09  2.89  0.56  2.72  0.00  3.07  0.62  2.82  0.08  2.91  1.84  -0.11  0.30  -0.46  0.45  -0.09  113.14  15.93  571.54  -1.58  0.00  0.00 
3.15  2.88  1.09  2.90  0.56  2.72  0.00  3.12  0.62  2.94  0.06  2.97  1.83  -0.04  0.32  -0.47  0.31  -0.12  109.99  1.83  571.25  8.05  0.00  0.00 
3.20  2.93  1.09  2.90  0.56  2.72  0.00  3.16  0.61  3.08  0.03  3.02  1.83  0.05  0.32  -0.45  0.14  -0.13  106.37  -11.02  570.87  22.15  0.00  0.00 
3.25  2.97  1.09  2.87  0.57  2.72  0.00  3.17  0.60  3.22  0.01  3.07  1.83  0.20  0.26  -0.37  -0.09  -0.12  103.94  -29.29  569.75  44.70  564.66  -112.74 
3.30  3.02  1.09  2.93  0.57  2.77  0.00  3.17  0.58  3.27  0.00  3.10  1.84  0.17  0.28  -0.28  -0.17  -0.10  101.27  -23.97  570.77  46.03  569.02  -103.59 
3.35  3.07  1.09  3.03  0.56  2.82  0.01  3.24  0.59  3.27  0.00  3.12  1.84  0.07  0.35  -0.33  -0.05  -0.07  103.77  2.55  570.29  44.28  568.63  -88.65 
3.40  3.11  1.09  3.14  0.56  2.88  0.03  3.29  0.59  3.27  0.00  3.14  1.84  -0.05  0.45  -0.34  0.03  -0.04  106.20  26.50  0.00  0.00  568.97  -70.89 
3.45  3.16  1.09  3.25  0.57  2.95  0.06  3.33  0.59  3.27  0.00  3.18  1.84  -0.17  0.53  -0.32  0.09  -0.03  109.25  44.04  0.00  0.00  569.43  -54.46 
3.50  3.20  1.09  3.34  0.58  3.02  0.08  3.36  0.58  3.27  0.00  3.22  1.84  -0.27  0.57  -0.30  0.15  -0.02  112.45  52.68  0.00  0.00  569.96  -41.17 
3.55  3.25  1.09  3.43  0.59  3.11  0.10  3.39  0.58  3.27  0.00  3.28  1.84  -0.36  0.57  -0.26  0.20  -0.04  114.98  51.99  0.00  0.00  570.50  -31.40 
3.60  3.29  1.09  3.51  0.61  3.21  0.10  3.41  0.57  3.27  0.00  3.34  1.84  -0.42  0.53  -0.22  0.24  -0.06  115.78  43.69  0.00  0.00  570.87  -24.12 
3.65  3.34  1.09  3.58  0.62  3.32  0.08  3.43  0.57  3.27  0.00  3.41  1.84  -0.46  0.44  -0.17  0.28  -0.09  114.23  30.99  0.00  0.00  570.96  -17.27 
3.70  3.39  1.09  3.63  0.62  3.45  0.06  3.44  0.56  3.27  0.00  3.47  1.83  -0.48  0.31  -0.11  0.30  -0.12  110.69  17.48  0.00  0.00  570.88  -8.45 
3.75  3.43  1.09  3.66  0.61  3.58  0.03  3.45  0.56  3.27  0.00  3.53  1.83  -0.45  0.14  -0.04  0.32  -0.13  106.38  5.51  0.00  0.00  570.90  4.39 
3.80  3.48  1.09  3.67  0.60  3.72  0.01  3.45  0.56  3.27  0.00  3.57  1.83  -0.37  -0.10  0.04  0.32  -0.12  101.73  -7.35  564.74  -113.37  571.07  22.51 
3.85  3.52  1.09  3.70  0.59  3.72  0.00  3.43  0.57  3.27  0.00  3.60  1.84  -0.33  -0.05  0.18  0.27  -0.10  103.23  -23.19  567.98  -95.32  570.56  47.91 
3.90  3.57  1.09  3.74  0.59  3.72  0.00  3.53  0.56  3.32  0.01  3.62  1.84  -0.34  0.03  0.08  0.35  -0.07  103.92  -2.06  568.57  -77.32  570.27  45.58 
3.95  3.61  1.09  3.78  0.59  3.72  0.00  3.64  0.56  3.38  0.03  3.65  1.84  -0.32  0.10  -0.05  0.45  -0.04  105.64  18.96  569.29  -58.42  0.00  0.00 
4.00  3.66  1.09  3.81  0.58  3.72  0.00  3.75  0.57  3.45  0.06  3.68  1.84  -0.30  0.15  -0.16  0.53  -0.03  108.27  34.21  569.98  -41.19  0.00  0.00 
4.05  3.71  1.09  3.84  0.58  3.72  0.00  3.84  0.58  3.52  0.08  3.72  1.84  -0.26  0.20  -0.26  0.57  -0.02  111.24  41.01  570.64  -27.25  0.00  0.00 
4.10  3.75  1.09  3.87  0.57  3.72  0.00  3.93  0.59  3.61  0.10  3.78  1.84  -0.22  0.24  -0.35  0.58  -0.04  113.68  38.89  571.22  -16.88  0.00  0.00 
4.15  3.80  1.09  3.89  0.57  3.72  0.00  4.01  0.61  3.71  0.10  3.84  1.84  -0.17  0.28  -0.42  0.53  -0.06  114.53  29.52  571.57  -9.00  0.00  0.00 
4.20  3.84  1.09  3.90  0.56  3.72  0.00  4.08  0.62  3.82  0.08  3.91  1.84  -0.11  0.30  -0.46  0.45  -0.09  113.16  16.06  571.55  -1.50  0.00  0.00 
4.25  3.89  1.09  3.91  0.56  3.72  0.00  4.13  0.62  3.95  0.06  3.98  1.83  -0.04  0.32  -0.47  0.31  -0.12  110.00  1.91  571.26  8.10  0.00  0.00 
4.30  3.93  1.09  3.91  0.56  3.72  0.00  4.17  0.61  4.08  0.03  4.03  1.83  0.05  0.32  -0.45  0.14  -0.13  106.38  -11.02  570.88  22.16  0.00  0.00 
4.35  3.98  1.09  3.87  0.57  3.72  0.00  4.17  0.60  4.22  0.01  4.07  1.83  0.20  0.26  -0.37  -0.09  -0.12  103.93  -29.37  569.74  44.67  564.65  -112.78 
4.40  4.03  1.09  3.94  0.57  3.78  0.00  4.17  0.58  4.28  0.00  4.10  1.84  0.17  0.28  -0.28  -0.17  -0.10  101.25  -24.10  570.76  45.95  569.01  -103.67 
4.45  4.07  1.09  4.04  0.56  3.83  0.01  4.25  0.59  4.28  0.00  4.13  1.84  0.07  0.35  -0.33  -0.05  -0.07  103.75  2.40  570.28  44.20  568.63  -88.74 
4.50  4.12  1.09  4.15  0.56  3.89  0.03  4.29  0.59  4.28  0.00  4.15  1.84  -0.05  0.45  -0.34  0.03  -0.04  106.19  26.37  0.00  0.00  568.97  -70.96 
4.55  4.16  1.09  4.25  0.57  3.96  0.06  4.33  0.59  4.28  0.00  4.18  1.84  -0.17  0.53  -0.32  0.09  -0.03  109.25  43.98  0.00  0.00  569.43  -54.49 
4.60  4.21  1.09  4.35  0.58  4.03  0.08  4.36  0.58  4.28  0.00  4.23  1.84  -0.27  0.57  -0.30  0.15  -0.02  112.46  52.70  0.00  0.00  569.96  -41.15 
4.65  4.25  1.09  4.44  0.59  4.12  0.10  4.39  0.58  4.28  0.00  4.28  1.84  -0.36  0.57  -0.26  0.20  -0.04  114.99  52.09  0.00  0.00  570.50  -31.34 
4.70  4.30  1.09  4.52  0.61  4.22  0.10  4.42  0.57  4.28  0.00  4.35  1.84  -0.42  0.53  -0.22  0.24  -0.06  115.80  43.83  0.00  0.00  570.88  -24.03 
4.75  4.35  1.09  4.58  0.62  4.33  0.08  4.44  0.57  4.28  0.00  4.42  1.84  -0.46  0.44  -0.17  0.28  -0.09  114.24  31.13  0.00  0.00  570.96  -17.19 
4.80  4.39  1.09  4.64  0.62  4.46  0.06  4.45  0.56  4.28  0.00  4.48  1.83  -0.48  0.31  -0.11  0.30  -0.12  110.71  17.57  0.00  0.00  570.88  -8.40 
4.85  4.44  1.09  4.67  0.61  4.59  0.03  4.46  0.56  4.28  0.00  4.53  1.83  -0.45  0.14  -0.04  0.32  -0.13  106.38  5.53  0.00  0.00  570.90  4.40 
4.90  4.48  1.09  4.67  0.60  4.73  0.01  4.46  0.56  4.28  0.00  4.58  1.83  -0.37  -0.10  0.04  0.32  -0.12  101.72  -7.41  564.74  -113.41  571.06  22.48 
4.95  4.53  1.09  4.70  0.59  4.73  0.00  4.43  0.57  4.28  0.00  4.61  1.84  -0.33  -0.05  0.18  0.27  -0.10  103.21  -23.31  567.97  -95.40  570.55  47.84 
5.00  4.58  1.09  4.75  0.59  4.73  0.00  4.54  0.56  4.33  0.01  4.63  1.84  -0.34  0.03  0.08  0.35  -0.07  103.90  -2.19  568.56  -77.40  570.26  45.49 
5.05  4.62  1.09  4.79  0.59  4.73  0.00  4.65  0.56  4.39  0.03  4.65  1.84  -0.32  0.10  -0.05  0.45  -0.04  105.63  18.85  569.29  -58.48  0.00  0.00 
5.10  4.67  1.09  4.82  0.58  4.73  0.00  4.75  0.57  4.46  0.06  4.69  1.84  -0.30  0.15  -0.16  0.53  -0.03  108.27  34.16  569.98  -41.23  0.00  0.00 
5.15  4.71  1.09  4.85  0.58  4.73  0.00  4.85  0.58  4.53  0.08  4.73  1.84  -0.26  0.20  -0.26  0.57  -0.02  111.24  41.04  570.64  -27.24  0.00  0.00 
5.20  4.76  1.09  4.87  0.57  4.73  0.00  4.94  0.59  4.62  0.10  4.78  1.84  -0.22  0.24  -0.35  0.58  -0.04  113.68  38.99  571.23  -16.82  0.00  0.00 
5.25  4.80  1.09  4.89  0.57  4.73  0.00  5.02  0.61  4.72  0.10  4.85  1.84  -0.17  0.28  -0.42  0.53  -0.06  114.54  29.66  571.57  -8.92  0.00  0.00 
5.30  4.85  1.09  4.91  0.56  4.73  0.00  5.09  0.62  4.83  0.08  4.92  1.84  -0.11  0.30  -0.46  0.45  -0.09  113.18  16.20  571.55  -1.43  0.00  0.00 
5.35  4.90  1.09  4.92  0.56  4.73  0.00  5.14  0.62  4.96  0.06  4.98  1.83  -0.04  0.32  -0.47  0.31  -0.12  110.02  2.00  571.26  8.16  0.00  0.00 
5.40  4.94  1.09  4.91  0.56  4.73  0.00  5.17  0.61  5.09  0.03  5.04  1.83  0.05  0.32  -0.45  0.14  -0.13  106.38  -11.01  570.88  22.17  0.00  0.00 
5.45  4.99  1.09  4.88  0.57  4.73  0.00  5.18  0.60  5.23  0.01  5.08  1.83  0.20  0.26  -0.37  -0.09  -0.12  103.92  -29.44  569.74  44.63  564.65  -112.82 
5.50  5.03  1.09  4.94  0.57  4.78  0.00  5.18  0.58  5.28  0.00  5.11  1.84  0.17  0.28  -0.28  -0.17  -0.10  101.23  -24.23  570.75  45.88  569.01  -103.74 
5.55  5.08  1.09  5.04  0.56  4.84  0.01  5.25  0.59  5.28  0.00  5.13  1.84  0.07  0.35  -0.33  -0.05  -0.07  103.73  2.24  570.28  44.12  568.62  -88.82 
5.60  5.12  1.09  5.15  0.56  4.90  0.03  5.30  0.59  5.28  0.00  5.16  1.84  -0.05  0.45  -0.34  0.03  -0.04  106.19  26.25  0.00  0.00  568.96  -71.03 
5.65  5.17  1.09  5.26  0.57  4.96  0.06  5.34  0.59  5.28  0.00  5.19  1.84  -0.17  0.53  -0.32  0.09  -0.03  109.24  43.92  0.00  0.00  569.43  -54.52 
5.70  5.22  1.09  5.36  0.58  5.04  0.08  5.37  0.58  5.28  0.00  5.23  1.84  -0.27  0.57  -0.30  0.15  -0.02  112.46  52.72  0.00  0.00  569.96  -41.14 
5.75  5.26  1.09  5.45  0.59  5.13  0.10  5.40  0.58  5.28  0.00  5.29  1.84  -0.36  0.57  -0.26  0.20  -0.04  114.99  52.18  0.00  0.00  570.51  -31.29 
5.80  5.31  1.09  5.52  0.61  5.23  0.10  5.42  0.57  5.28  0.00  5.35  1.84  -0.42  0.53  -0.22  0.24  -0.06  115.81  43.97  0.00  0.00  570.88  -23.95 
5.85  5.35  1.09  5.59  0.62  5.34  0.08  5.44  0.57  5.28  0.00  5.42  1.84  -0.46  0.44  -0.17  0.28  -0.09  114.26  31.27  0.00  0.00  570.97  -17.11 
5.90  5.40  1.09  5.64  0.62  5.46  0.06  5.46  0.56  5.28  0.00  5.49  1.83  -0.48  0.31  -0.11  0.30  -0.12  110.72  17.67  0.00  0.00  570.89  -8.34 
5.95  5.44  1.09  5.68  0.61  5.60  0.03  5.47  0.56  5.28  0.00  5.54  1.83  -0.45  0.14  -0.04  0.32  -0.13  106.39  5.55  0.00  0.00  570.90  4.41 
6.00  5.49  1.09  5.68  0.60  5.74  0.01  5.47  0.56  5.28  0.00  5.58  1.83  -0.37  -0.10  0.04  0.32  -0.12  101.70  -7.46  564.73  -113.45  571.06  22.44 
6.05  5.54  1.09  5.71  0.59  5.74  0.00  5.44  0.57  5.28  0.00  5.61  1.84  -0.33  -0.05  0.18  0.27  -0.10  103.19  -23.42  567.96  -95.47  570.55  47.77 
6.10  5.58  1.09  5.76  0.59  5.74  0.00  5.54  0.56  5.34  0.01  5.64  1.84  -0.34  0.03  0.08  0.35  -0.07  103.88  -2.33  568.55  -77.49  570.26  45.41 
6.15  5.63  1.09  5.80  0.59  5.74  0.00  5.65  0.56  5.40  0.03  5.66  1.84  -0.32  0.10  -0.05  0.45  -0.04  105.62  18.74  569.29  -58.55  0.00  0.00 
6.20  5.67  1.09  5.83  0.58  5.74  0.00  5.76  0.57  5.46  0.06  5.69  1.84  -0.30  0.15  -0.16  0.53  -0.03  108.27  34.11  569.98  -41.26  0.00  0.00 
6.25  5.72  1.09  5.86  0.58  5.74  0.00  5.86  0.58  5.54  0.08  5.74  1.84  -0.26  0.20  -0.26  0.57  -0.02  111.24  41.07  570.64  -27.22  0.00  0.00 
6.30  5.76  1.09  5.88  0.57  5.74  0.00  5.95  0.59  5.63  0.10  5.79  1.84  -0.22  0.24  -0.35  0.58  -0.04  113.69  39.09  571.23  -16.77  0.00  0.00 
6.35  5.81  1.09  5.90  0.57  5.74  0.00  6.03  0.61  5.73  0.10  5.86  1.84  -0.17  0.28  -0.42  0.53  -0.06  114.55  29.81  571.58  -8.84  0.00  0.00 
6.40  5.86  1.09  5.91  0.56  5.74  0.00  6.09  0.62  5.84  0.08  5.92  1.84  -0.11  0.30  -0.46  0.45  -0.09  113.20  16.33  571.56  -1.35  0.00  0.00 
6.45  5.90  1.09  5.92  0.56  5.74  0.00  6.14  0.62  5.96  0.06  5.99  1.83  -0.04  0.32  -0.47  0.31  -0.12  110.04  2.08  571.27  8.21  0.00  0.00 
6.50  5.95  1.09  5.92  0.56  5.74  0.00  6.18  0.61  6.10  0.03  6.04  1.83  0.05  0.32  -0.45  0.14  -0.13  106.38  -11.00  570.88  22.18  0.00  0.00 
6.55  5.99  1.09  5.89  0.57  5.74  0.00  6.18  0.60  6.24  0.01  6.09  1.83  0.20  0.26  -0.37  -0.09  -0.12  103.90  -29.51  569.74  44.59  564.65  -112.86 
6.60  6.04  1.09  5.95  0.57  5.79  0.00  6.19  0.58  6.29  0.00  6.12  1.84  0.17  0.28  -0.28  -0.17  -0.10  101.21  -24.36  570.75  45.81  569.00  -103.81 
6.65  6.08  1.09  6.05  0.56  5.84  0.01  6.26  0.59  6.29  0.00  6.14  1.84  0.07  0.35  -0.33  -0.05  -0.07  103.72  2.09  570.27  44.03  568.61  -88.91 
6.70  6.13  1.09  6.16  0.56  5.90  0.03  6.31  0.59  6.29  0.00  6.16  1.84  -0.05  0.45  -0.34  0.03  -0.04  106.18  26.12  0.00  0.00  568.96  -71.10 
6.75  6.18  1.09  6.26  0.57  5.97  0.06  6.34  0.59  6.29  0.00  6.20  1.84  -0.17  0.53  -0.32  0.09  -0.03  109.24  43.86  0.00  0.00  569.43  -54.55 
6.80  6.22  1.09  6.36  0.58  6.04  0.08  6.38  0.58  6.29  0.00  6.24  1.84  -0.27  0.57  -0.30  0.15  -0.02  112.46  52.75  0.00  0.00  569.97  -41.12 
6.85  6.27  1.09  6.45  0.59  6.13  0.10  6.41  0.58  6.29  0.00  6.29  1.84  -0.36  0.57  -0.26  0.20  -0.04  115.00  52.28  0.00  0.00  570.51  -31.23 
6.90  6.31  1.09  6.53  0.61  6.23  0.10  6.43  0.57  6.29  0.00  6.36  1.84  -0.42  0.53  -0.22  0.24  -0.06  115.82  44.11  0.00  0.00  570.89  -23.87 
6.95  6.36  1.09  6.60  0.62  6.34  0.08  6.45  0.57  6.29  0.00  6.43  1.84  -0.46  0.44  -0.17  0.28  -0.09  114.28  31.41  0.00  0.00  570.98  -17.03 
7.00  6.41  1.09  6.65  0.62  6.47  0.06  6.46  0.56  6.29  0.00  6.49  1.83  -0.48  0.31  -0.11  0.30  -0.12  110.74  17.76  0.00  0.00  570.90  -8.29 
7.05  6.45  1.09  6.68  0.61  6.60  0.03  6.47  0.56  6.29  0.00  6.55  1.83  -0.45  0.14  -0.04  0.32  -0.13  106.39  5.57  0.00  0.00  570.90  4.42 
7.10  6.50  1.09  6.69  0.60  6.74  0.01  6.47  0.56  6.29  0.00  6.59  1.83  -0.37  -0.10  0.04  0.32  -0.12  101.69  -7.52  564.73  -113.49  571.05  22.40 
7.15  6.54  1.09  6.72  0.59  6.74  0.00  6.45  0.57  6.29  0.00  6.62  1.84  -0.33  -0.05  0.18  0.27  -0.10  103.17  -23.54  567.96  -95.54  570.54  47.69 
7.20  6.59  1.09  6.76  0.59  6.74  0.00  6.55  0.56  6.34  0.01  6.64  1.84  -0.34  0.03  0.08  0.35  -0.07  103.87  -2.47  568.55  -77.57  570.25  45.32 
7.25  6.63  1.09  6.80  0.59  6.74  0.00  6.66  0.56  6.40  0.03  6.67  1.84  -0.32  0.10  -0.05  0.45  -0.04  105.61  18.62  569.29  -58.62  0.00  0.00 
7.30  6.68  1.09  6.83  0.58  6.74  0.00  6.77  0.57  6.47  0.06  6.70  1.84  -0.30  0.15  -0.16  0.53  -0.03  108.27  34.06  569.98  -41.29  0.00  0.00 
7.35  6.73  1.09  6.86  0.58  6.74  0.00  6.86  0.58  6.54  0.08  6.74  1.84  -0.26  0.20  -0.26  0.57  -0.02  111.24  41.11  570.64  -27.21  0.00  0.00 
7.40  6.77  1.09  6.89  0.57  6.74  0.00  6.95  0.59  6.63  0.10  6.80  1.84  -0.22  0.24  -0.35  0.58  -0.04  113.70  39.20  571.23  -16.71  0.00  0.00 
7.45  6.82  1.09  6.91  0.57  6.74  0.00  7.03  0.61  6.73  0.10  6.86  1.84  -0.17  0.28  -0.42  0.53  -0.06  114.57  29.95  571.58  -8.75  0.00  0.00 
7.50  6.86  1.09  6.92  0.56  6.74  0.00  7.10  0.62  6.84  0.08  6.93  1.84  -0.11  0.30  -0.46  0.45  -0.09  113.22  16.46  571.57  -1.27  0.00  0.00 
7.55  6.91  1.09  6.93  0.56  6.74  0.00  7.15  0.62  6.97  0.06  7.00  1.83  -0.04  0.32  -0.47  0.31  -0.12  110.05  2.17  571.27  8.26  0.00  0.00 
7.60  6.95  1.09  6.93  0.56  6.74  0.00  7.19  0.61  7.10  0.03  7.05  1.83  0.05  0.32  -0.45  0.14  -0.13  106.39  -10.99  570.88  22.19  0.00  0.00 
7.65  7.00  1.09  6.89  0.57  6.74  0.00  7.19  0.60  7.24  0.01  7.09  1.83  0.20  0.26  -0.37  -0.09  -0.12  103.89  -29.58  569.73  44.56  564.64  -112.89 
