0.00  0.00  1.11  -0.12  0.56  -0.25  0.00  0.12  0.56  0.25  0.00  0.08  1.86  -0.22  -0.22  0.22  0.22  -0.10  105.33  303.97  350.17  17.55  190.24  28.70  102.12  7.50  570.72  -98.40  570.72  48.88  -79.32  7.50  18.65  -36.20  303.97  350.17  303.97  350.17  0.00  0.00  0.00 
0.05  0.05  1.11  -0.08  0.56  -0.22  0.01  0.15  0.56  0.25  0.00  0.10  1.86  -0.24  -0.24  0.18  0.18  -0.07  106.11  512.12  356.14  7.37  274.62  97.09  138.27  46.75  0.00  0.00  574.24  41.81  -167.12  46.75  136.47  -143.84  0.00  0.00  512.12  356.14  383.66  64116.56  0.00 
0.10  0.10  1.11  0.04  0.58  -0.16  0.03  0.18  0.56  0.25  0.00  0.13  1.86  -0.12  -0.35  0.13  0.13  -0.04  104.14  486.68  561.84  -9.59  292.57  110.53  98.82  55.88  0.00  0.00  576.94  34.14  -222.78  55.88  176.00  -166.41  0.00  0.00  486.68  561.84  1245.66  277506.18  0.00 
0.15  0.15  1.11  0.20  0.58  -0.07  0.06  0.25  0.59  0.25  0.00  0.17  1.86  0.08  -0.47  0.19  -0.01  -0.02  106.99  -81.24  587.98  -23.03  141.62  -21.51  -26.62  -27.71  0.00  0.00  576.43  30.63  -133.85  -27.71  -26.18  49.22  0.00  0.00  -81.24  587.98  727.52  97379.14  0.00 
0.20  0.20  1.11  0.34  0.60  0.06  0.08  0.29  0.59  0.25  0.00  0.22  1.86  0.27  -0.51  0.18  -0.08  -0.02  111.72  -347.48  444.26  -24.80  21.48  -72.29  -68.85  -54.02  0.00  0.00  576.65  18.05  -48.47  -54.02  -101.51  126.32  0.00  0.00  -347.48  444.26  157.38  7627.21  0.00 
0.25  0.25  1.11  0.47  0.63  0.21  0.10  0.33  0.59  0.25  0.00  0.28  1.86  0.43  -0.45  0.14  -0.13  -0.04  117.75  -377.42  346.97  -14.33  -80.15  -33.38  -82.60  -33.47  0.00  0.00  576.95  0.01  15.80  -33.47  -52.52  66.85  0.00  0.00  -377.42  346.97  15.71  248.29  0.00 
0.30  0.30  1.11  0.58  0.66  0.39  0.10  0.35  0.58  0.25  0.00  0.35  1.86  0.54  -0.33  0.09  -0.17  -0.06  121.88  -491.78  210.42  5.05  -194.49  -81.67  -97.23  -56.91  0.00  0.00  577.03  -22.14  153.89  -56.91  -143.63  138.57  0.00  0.00  -491.78  210.42  225.53  34706.86  0.00 
0.35  0.35  1.11  0.64  0.66  0.54  0.08  0.36  0.58  0.25  0.00  0.42  1.86  0.57  -0.16  0.01  -0.18  -0.09  120.78  -490.04  174.47  27.20  -324.02  -42.37  -141.92  -34.87  0.00  0.00  576.70  -46.59  241.61  -34.87  -104.44  77.24  0.00  0.00  -490.04  174.47  932.49  225295.79  0.00 
0.40  0.40  1.11  0.66  0.65  0.67  0.06  0.33  0.56  0.25  0.00  0.49  1.85  0.51  0.02  -0.14  -0.14  -0.12  114.92  -96.31  498.84  45.07  -147.14  78.58  -101.82  47.58  0.00  0.00  575.34  -74.47  159.75  47.58  81.08  -126.15  0.00  0.00  -96.31  498.84  1177.89  188172.84  0.00 
0.45  0.45  1.11  0.61  0.57  0.76  0.03  0.35  0.56  0.25  0.00  0.55  1.85  0.28  0.28  -0.18  -0.18  -0.13  104.45  368.04  564.09  53.02  95.06  52.32  88.84  34.74  0.00  0.00  572.67  -91.74  171.59  34.74  34.04  -87.06  0.00  0.00  368.04  564.09  835.00  143281.48  0.00 
0.50  0.50  1.11  0.66  0.56  0.82  0.01  0.38  0.56  0.25  0.00  0.60  1.85  0.28  0.28  -0.22  -0.22  -0.12  106.40  226.20  449.63  48.53  43.38  12.96  51.41  6.28  0.00  0.00  569.92  -104.52  187.07  6.28  -29.29  -19.24  0.00  0.00  226.20  449.63  0.00  0.00  0.00 
0.55  0.55  1.11  0.69  0.56  0.82  0.00  0.40  0.56  0.25  0.00  0.63  1.86  0.23  0.23  -0.27  -0.27  -0.10  107.76  101.31  384.02  33.01  -31.73  68.03  -12.56  24.84  569.79  52.84  567.03  -113.22  7.50  -79.32  -36.20  18.65  101.31  384.02  101.31  384.02  0.00  0.00  0.00 
0.60  0.60  1.11  0.71  0.56  0.82  0.00  0.44  0.56  0.28  0.01  0.66  1.86  0.19  0.19  -0.28  -0.28  -0.07  108.59  495.94  319.41  11.39  90.42  271.25  42.31  130.44  573.47  45.87  0.00  0.00  46.75  -167.12  -143.84  136.47  495.94  319.41  0.00  0.00  0.00  0.00  0.00 
0.65  0.65  1.11  0.74  0.56  0.82  0.00  0.50  0.57  0.34  0.03  0.69  1.86  0.15  0.15  -0.29  -0.29  -0.04  108.44  698.86  376.95  -9.49  108.09  413.64  54.11  198.46  576.35  38.29  0.00  0.00  55.88  -222.78  -166.41  176.00  698.86  376.95  0.00  0.00  97.32  5437.71  0.00 
0.70  0.70  1.11  0.81  0.59  0.82  0.00  0.70  0.58  0.43  0.06  0.72  1.86  0.19  0.02  -0.01  -0.48  -0.02  106.59  67.65  732.80  -22.99  -3.09  201.96  -16.64  -9.75  576.44  33.97  0.00  0.00  -27.71  -133.85  49.22  -26.18  67.65  732.80  0.00  0.00  67.26  1863.90  309.79 
0.75  0.75  1.11  0.85  0.59  0.82  0.00  0.86  0.59  0.56  0.08  0.77  1.86  0.18  -0.06  0.19  -0.54  -0.02  110.07  -401.61  462.22  -24.83  -60.14  -36.09  -47.73  -94.76  576.56  21.96  0.00  0.00  -54.02  -48.47  126.32  -101.51  -401.61  462.22  0.00  0.00  50.09  2705.97  104.02 
0.80  0.81  1.11  0.89  0.59  0.82  0.00  1.00  0.62  0.71  0.10  0.83  1.86  0.15  -0.11  0.37  -0.50  -0.04  115.44  -390.23  372.19  -14.42  -32.88  -88.59  -33.44  -90.10  576.83  4.28  0.00  0.00  -33.47  15.80  66.85  -52.52  -390.23  372.19  0.00  0.00  5.49  183.73  16.30 
0.85  0.86  1.11  0.91  0.58  0.82  0.00  1.11  0.64  0.89  0.10  0.90  1.86  0.10  -0.16  0.50  -0.39  -0.06  119.61  -449.46  243.52  4.93  -51.22  -189.63  -41.68  -97.50  576.93  -17.53  0.00  0.00  -56.91  153.89  138.57  -143.63  -449.46  243.52  0.00  0.00  28.85  1641.86  31.99 
0.90  0.91  1.11  0.92  0.58  0.82  0.00  1.18  0.66  1.04  0.08  0.98  1.86  0.03  -0.18  0.55  -0.23  -0.09  119.21  -446.25  214.62  27.08  -56.07  -261.11  -42.07  -115.89  576.66  -41.52  0.00  0.00  -34.87  241.61  77.24  -104.44  -446.25  214.62  0.00  0.00  55.26  1927.00  73.52 
0.95  0.96  1.11  0.92  0.58  0.82  0.00  1.21  0.65  1.17  0.06  1.04  1.85  -0.07  -0.17  0.50  -0.07  -0.12  113.95  -243.73  370.76  45.00  14.96  -224.01  4.58  -117.42  575.90  -66.65  0.00  0.00  47.58  159.75  -126.15  81.08  -243.73  370.76  0.00  0.00  102.85  4893.57  80.69 
1.00  1.01  1.11  0.91  0.56  0.82  0.00  1.20  0.62  1.26  0.03  1.10  1.85  -0.17  -0.17  0.37  0.11  -0.13  106.81  216.08  562.02  53.01  114.20  -9.66  56.79  -7.39  573.39  -87.62  0.00  0.00  34.74  171.59  -87.06  34.04  216.08  562.02  0.00  0.00  34.97  1214.74  0.00 
1.05  1.06  1.11  0.94  0.56  0.82  0.00  1.19  0.56  1.32  0.01  1.15  1.85  -0.21  -0.21  0.23  0.23  -0.12  103.88  434.60  468.57  48.58  104.96  116.16  44.74  82.59  570.81  -100.53  0.00  0.00  6.28  187.07  -19.24  -29.29  434.60  468.57  0.00  0.00  0.00  0.00  0.00 
1.10  1.11  1.11  0.98  0.56  0.86  0.00  1.23  0.56  1.36  0.00  1.18  1.86  -0.22  -0.22  0.22  0.22  -0.10  105.31  257.53  379.47  33.12  110.02  8.62  56.97  21.68  570.71  -98.47  570.71  48.81  -79.32  7.50  18.65  -36.20  257.53  379.47  257.53  379.47  0.00  0.00  0.00 
1.15  1.16  1.11  1.02  0.56  0.89  0.01  1.26  0.56  1.36  0.00  1.21  1.86  -0.24  -0.24  0.18  0.18  -0.07  106.09  457.21  350.04  11.52  262.95  46.15  134.41  29.92  0.00  0.00  574.23  41.72  -167.12  46.75  136.47  -143.84  0.00  0.00  457.21  350.04  383.66  64116.56  0.00 
1.20  1.21  1.11  1.14  0.58  0.94  0.03  1.28  0.56  1.36  0.00  1.24  1.86  -0.12  -0.35  0.13  0.13  -0.04  104.13  487.29  561.81  -9.39  292.57  110.53  98.82  55.88  0.00  0.00  576.94  34.07  -222.78  55.88  176.00  -166.41  0.00  0.00  487.29  561.81  1245.66  277506.18  0.00 
1.25  1.26  1.11  1.30  0.58  1.03  0.06  1.36  0.59  1.36  0.00  1.28  1.86  0.08  -0.47  0.19  -0.01  -0.02  106.99  -80.96  587.94  -22.94  141.62  -21.51  -26.62  -27.71  0.00  0.00  576.42  30.60  -133.85  -27.71  -26.18  49.22  0.00  0.00  -80.96  587.94  727.52  97379.14  0.00 
1.30  1.31  1.11  1.45  0.60  1.16  0.08  1.40  0.59  1.36  0.00  1.33  1.86  0.27  -0.51  0.18  -0.08  -0.02  111.72  -347.63  444.28  -24.85  21.48  -72.29  -68.85  -54.02  0.00  0.00  576.65  18.07  -48.47  -54.02  -101.51  126.32  0.00  0.00  -347.63  444.28  157.38  7627.21  0.00 
1.35  1.36  1.11  1.58  0.63  1.32  0.10  1.43  0.59  1.36  0.00  1.39  1.86  0.43  -0.45  0.14  -0.13  -0.04  117.76  -377.94  347.01  -14.51  -80.15  -33.38  -82.60  -33.47  0.00  0.00  576.95  0.07  15.80  -33.47  -52.52  66.85  0.00  0.00  -377.94  347.01  15.71  248.29  0.00 
1.40  1.41  1.11  1.68  0.66  1.49  0.10  1.45  0.58  1.36  0.00  1.46  1.86  0.54  -0.33  0.09  -0.17  -0.06  121.90  -492.51  210.40  4.81  -194.49  -81.67  -97.23  -56.91  0.00  0.00  577.04  -22.06  153.89  -56.91  -143.63  138.57  0.00  0.00  -492.51  210.40  225.53  34706.86  0.00 
1.45  1.46  1.11  1.75  0.66  1.65  0.08  1.47  0.58  1.36  0.00  1.53  1.86  0.57  -0.16  0.01  -0.18  -0.09  120.80  -490.74  174.36  26.96  -324.02  -42.37  -141.92  -34.87  0.00  0.00  576.70  -46.52  241.61  -34.87  -104.44  77.24  0.00  0.00  -490.74  174.36  932.49  225295.79  0.00 
1.50  1.51  1.11  1.77  0.65  1.78  0.06  1.43  0.56  1.36  0.00  1.60  1.85  0.51  0.02  -0.14  -0.14  -0.12  114.94  -96.76  498.72  44.92  -147.14  78.58  -101.82  47.58  0.00  0.00  575.34  -74.42  159.75  47.58  81.08  -126.15  0.00  0.00  -96.76  498.72  1177.89  188172.84  0.00 
1.55  1.56  1.11  1.72  0.57  1.87  0.03  1.46  0.56  1.36  0.00  1.66  1.85  0.28  0.28  -0.18  -0.18  -0.13  104.46  367.98  564.07  53.00  95.06  52.32  88.84  34.74  0.00  0.00  572.67  -91.73  171.59  34.74  34.04  -87.06  0.00  0.00  367.98  564.07  835.00  143281.48  0.00 
1.60  1.61  1.11  1.77  0.56  1.93  0.01  1.48  0.56  1.36  0.00  1.70  1.85  0.28  0.28  -0.22  -0.22  -0.12  106.39  226.54  449.73  48.64  43.38  12.96  51.41  6.28  0.00  0.00  569.92  -104.56  187.07  6.28  -29.29  -19.24  0.00  0.00  226.54  449.73  0.00  0.00  0.00 
1.65  1.66  1.11  1.79  0.56  1.93  0.00  1.51  0.56  1.36  0.00  1.74  1.86  0.23  0.23  -0.27  -0.27  -0.10  107.74  101.96  384.14  33.23  -31.73  68.03  -12.56  24.84  569.78  52.76  567.02  -113.29  7.50  -79.32  -36.20  18.65  101.96  384.14  101.96  384.14  0.00  0.00  0.00 
1.70  1.71  1.11  1.82  0.56  1.93  0.00  1.55  0.56  1.39  0.01  1.77  1.86  0.19  0.19  -0.28  -0.28  -0.07  108.57  496.69  319.45  11.64  90.42  271.25  42.31  130.44  573.46  45.78  0.00  0.00  46.75  -167.12  -143.84  136.47  496.69  319.45  0.00  0.00  0.00  0.00  0.00 
1.75  1.76  1.11  1.84  0.56  1.93  0.00  1.60  0.57  1.44  0.03  1.79  1.86  0.15  0.15  -0.29  -0.29  -0.04  108.43  699.47  376.92  -9.28  108.09  413.64  54.11  198.46  576.34  38.23  0.00  0.00  55.88  -222.78  -166.41  176.00  699.47  376.92  0.00  0.00  97.32  5437.71  0.00 
1.80  1.81  1.11  1.91  0.59  1.93  0.00  1.81  0.58  1.53  0.06  1.83  1.86  0.19  0.02  -0.01  -0.48  -0.02  106.59  67.93  732.77  -22.90  -3.09  201.96  -16.64  -9.75  576.44  33.94  0.00  0.00  -27.71  -133.85  49.22  -26.18  67.93  732.77  0.00  0.00  67.26  1863.90  309.77 
1.85  1.86  1.11  1.96  0.59  1.93  0.00  1.96  0.59  1.66  0.08  1.88  1.86  0.18  -0.06  0.19  -0.54  -0.02  110.07  -401.76  462.24  -24.88  -60.14  -36.09  -47.73  -94.76  576.57  21.98  0.00  0.00  -54.02  -48.47  126.32  -101.51  -401.76  462.24  0.00  0.00  50.09  2705.97  104.03 
1.90  1.91  1.11  1.99  0.59  1.93  0.00  2.10  0.62  1.82  0.10  1.94  1.86  0.15  -0.11  0.37  -0.50  -0.04  115.44  -390.76  372.23  -14.59  -32.88  -88.59  -33.44  -90.10  576.83  4.34  0.00  0.00  -33.47  15.80  66.85  -52.52  -390.76  372.23  0.00  0.00  5.49  183.73  16.30 
1.95  1.96  1.11  2.02  0.58  1.93  0.00  2.22  0.64  1.99  0.10  2.01  1.86  0.10  -0.16  0.50  -0.39  -0.06  119.63  -450.20  243.50  4.69  -51.22  -189.63  -41.68  -97.50  576.93  -17.45  0.00  0.00  -56.91  153.89  138.57  -143.63  -450.20  243.50  0.00  0.00  28.85  1641.86  31.99 
2.00  2.01  1.11  2.03  0.58  1.93  0.00  2.29  0.66  2.15  0.08  2.08  1.86  0.03  -0.18  0.55  -0.23  -0.09  119.23  -446.95  214.52  26.84  -56.07  -261.11  -42.07  -115.89  576.67  -41.44  0.00  0.00  -34.87  241.61  77.24  -104.44  -446.95  214.52  0.00  0.00  55.26  1927.00  73.49 
2.05  2.06  1.11  2.03  0.58  1.93  0.00  2.32  0.65  2.28  0.06  2.15  1.85  -0.07  -0.17  0.50  -0.07  -0.12  113.97  -244.18  370.65  44.84  14.96  -224.01  4.58  -117.42  575.91  -66.59  0.00  0.00  47.58  159.75  -126.15  81.08  -244.18  370.65  0.00  0.00  102.85  4893.57  80.66 
2.10  2.11  1.11  2.02  0.56  1.93  0.00  2.30  0.62  2.37  0.03  2.21  1.85  -0.17  -0.17  0.37  0.11  -0.13  106.81  216.02  562.00  52.99  114.20  -9.66  56.79  -7.39  573.39  -87.61  0.00  0.00  34.74  171.59  -87.06  34.04  216.02  562.00  0.00  0.00  34.97  1214.74  0.00 
2.15  2.16  1.11  2.04  0.56  1.93  0.00  2.29  0.56  2.43  0.01  2.26  1.85  -0.21  -0.21  0.23  0.23  -0.12  103.87  434.94  468.66  48.70  104.96  116.16  44.74  82.59  570.81  -100.57  0.00  0.00  6.28  187.07  -19.24  -29.29  434.94  468.66  0.00  0.00  0.00  0.00  0.00 
2.20  2.21  1.11  2.09  0.56  1.96  0.00  2.34  0.56  2.46  0.00  2.29  1.86  -0.22  -0.22  0.22  0.22  -0.10  105.29  258.18  379.59  33.34  110.02  8.62  56.97  21.68  570.70  -98.55  570.70  48.74  -79.32  7.50  18.65  -36.20  258.18  379.59  258.18  379.59  0.00  0.00  0.00 
2.25  2.26  1.11  2.13  0.56  2.00  0.01  2.36  0.56  2.46  0.00  2.32  1.86  -0.24  -0.24  0.18  0.18  -0.07  106.08  457.96  350.09  11.77  262.95  46.15  134.41  29.92  0.00  0.00  574.23  41.64  -167.12  46.75  136.47  -143.84  0.00  0.00  457.96  350.09  383.66  64116.56  0.00 
2.30  2.32  1.11  2.25  0.58  2.05  0.03  2.39  0.56  2.46  0.00  2.35  1.86  -0.12  -0.35  0.13  0.13  -0.04  104.12  487.90  561.78  -9.18  292.57  110.53  98.82  55.88  0.00  0.00  576.93  34.00  -222.78  55.88  176.00  -166.41  0.00  0.00  487.90  561.78  1245.66  277506.18  0.00 
2.35  2.37  1.11  2.41  0.58  2.14  0.06  2.47  0.59  2.46  0.00  2.38  1.86  0.08  -0.47  0.19  -0.01  -0.02  106.99  -80.69  587.91  -22.85  141.62  -21.51  -26.62  -27.71  0.00  0.00  576.42  30.57  -133.85  -27.71  -26.18  49.22  0.00  0.00  -80.69  587.91  727.52  97379.14  0.00 
2.40  2.42  1.11  2.56  0.60  2.27  0.08  2.51  0.59  2.46  0.00  2.43  1.86  0.27  -0.51  0.18  -0.08  -0.02  111.73  -347.78  444.30  -24.90  21.48  -72.29  -68.85  -54.02  0.00  0.00  576.65  18.08  -48.47  -54.02  -101.51  126.32  0.00  0.00  -347.78  444.30  157.38  7627.21  0.00 
2.45  2.47  1.11  2.69  0.63  2.43  0.10  2.54  0.59  2.46  0.00  2.49  1.86  0.43  -0.45  0.14  -0.13  -0.04  117.77  -378.47  347.05  -14.68  -80.15  -33.38  -82.60  -33.47  0.00  0.00  576.95  0.13  15.80  -33.47  -52.52  66.85  0.00  0.00  -378.47  347.05  15.71  248.29  0.00 
2.50  2.52  1.11  2.79  0.66  2.60  0.10  2.56  0.58  2.46  0.00  2.56  1.86  0.54  -0.33  0.09  -0.17  -0.06  121.91  -493.25  210.38  4.57  -194.49  -81.67  -97.23  -56.91  0.00  0.00  577.04  -21.97  153.89  -56.91  -143.63  138.57  0.00  0.00  -493.25  210.38  225.53  34706.86  0.00 
2.55  2.57  1.11  2.85  0.66  2.76  0.08  2.57  0.58  2.46  0.00  2.64  1.86  0.57  -0.16  0.01  -0.18  -0.09  120.82  -491.45  174.26  26.72  -324.02  -42.37  -141.92  -34.87  0.00  0.00  576.71  -46.44  241.61  -34.87  -104.44  77.24  0.00  0.00  -491.45  174.26  932.49  225295.79  0.00 
2.60  2.62  1.11  2.88  0.65  2.89  0.06  2.54  0.56  2.46  0.00  2.70  1.85  0.51  0.02  -0.14  -0.14  -0.12  114.95  -97.21  498.61  44.76  -147.14  78.58  -101.82  47.58  0.00  0.00  575.35  -74.37  159.75  47.58  81.08  -126.15  0.00  0.00  -97.21  498.61  1177.89  188172.84  0.00 
2.65  2.67  1.11  2.82  0.57  2.98  0.03  2.57  0.56  2.46  0.00  2.76  1.85  0.28  0.28  -0.18  -0.18  -0.13  104.46  367.92  564.05  52.97  95.06  52.32  88.84  34.74  0.00  0.00  572.67  -91.73  171.59  34.74  34.04  -87.06  0.00  0.00  367.92  564.05  835.00  143281.48  0.00 
2.70  2.72  1.11  2.87  0.56  3.03  0.01  2.59  0.56  2.46  0.00  2.81  1.85  0.28  0.28  -0.22  -0.22  -0.12  106.38  226.88  449.82  48.76  43.38  12.96  51.41  6.28  0.00  0.00  569.91  -104.60  187.07  6.28  -29.29  -19.24  0.00  0.00  226.88  449.82  0.00  0.00  0.00 
2.75  2.77  1.11  2.90  0.56  3.03  0.00  2.62  0.56  2.46  0.00  2.84  1.86  0.23  0.23  -0.27  -0.27  -0.10  107.72  102.61  384.26  33.45  -31.73  68.03  -12.56  24.84  569.77  52.69  567.01  -113.36  7.50  -79.32  -36.20  18.65  102.61  384.26  102.61  384.26  0.00  0.00  0.00 
2.80  2.82  1.11  2.93  0.56  3.03  0.00  2.66  0.56  2.50  0.01  2.87  1.86  0.19  0.19  -0.28  -0.28  -0.07  108.56  497.44  319.50  11.89  90.42  271.25  42.31  130.44  573.46  45.70  0.00  0.00  46.75  -167.12  -143.84  136.47  497.44  319.50  0.00  0.00  0.00  0.00  0.00 
2.85  2.87  1.11  2.95  0.56  3.03  0.00  2.71  0.57  2.55  0.03  2.90  1.86  0.15  0.15  -0.29  -0.29  -0.04  108.42  700.08  376.88  -9.08  108.09  413.64  54.11  198.46  576.34  38.16  0.00  0.00  55.88  -222.78  -166.41  176.00  700.08  376.88  0.00  0.00  97.32  5437.71  0.00 
2.90  2.92  1.11  3.02  0.59  3.03  0.00  2.91  0.58  2.64  0.06  2.94  1.86  0.19  0.02  -0.01  -0.48  -0.03  106.59  68.21  732.73  -22.80  -3.09  201.96  -16.64  -9.75  576.44  33.91  0.00  0.00  -27.71  -133.85  49.22  -26.18  68.21  732.73  0.00  0.00  67.26  1863.90  309.76 
2.95  2.97  1.11  3.07  0.59  3.03  0.00  3.07  0.59  2.77  0.08  2.99  1.86  0.18  -0.06  0.19  -0.54  -0.02  110.07  -401.91  462.26  -24.92  -60.14  -36.09  -47.73  -94.76  576.57  21.99  0.00  0.00  -54.02  -48.47  126.32  -101.51  -401.91  462.26  0.00  0.00  50.09  2705.97  104.03 
3.00  3.02  1.11  3.10  0.59  3.03  0.00  3.21  0.62  2.93  0.10  3.05  1.86  0.15  -0.11  0.37  -0.50  -0.04  115.45  -391.28  372.27  -14.77  -32.88  -88.59  -33.44  -90.10  576.83  4.40  0.00  0.00  -33.47  15.80  66.85  -52.52  -391.28  372.27  0.00  0.00  5.49  183.73  16.30 
3.05  3.07  1.11  3.12  0.58  3.03  0.00  3.32  0.64  3.10  0.10  3.12  1.86  0.10  -0.16  0.50  -0.39  -0.06  119.64  -450.93  243.48  4.44  -51.22  -189.63  -41.68  -97.50  576.94  -17.37  0.00  0.00  -56.91  153.89  138.57  -143.63  -450.93  243.48  0.00  0.00  28.85  1641.86  31.99 
3.10  3.12  1.11  3.14  0.58  3.03  0.00  3.40  0.66  3.26  0.08  3.19  1.86  0.03  -0.18  0.55  -0.23  -0.09  119.24  -447.66  214.42  26.61  -56.07  -261.11  -42.07  -115.89  576.68  -41.36  0.00  0.00  -34.87  241.61  77.24  -104.44  -447.66  214.42  0.00  0.00  55.26  1927.00  73.45 
3.15  3.17  1.11  3.13  0.58  3.03  0.00  3.43  0.65  3.39  0.06  3.26  1.85  -0.07  -0.17  0.50  -0.07  -0.12  113.98  -244.63  370.54  44.69  14.96  -224.01  4.58  -117.42  575.91  -66.54  0.00  0.00  47.58  159.75  -126.15  81.08  -244.63  370.54  0.00  0.00  102.85  4893.57  80.64 
3.20  3.22  1.11  3.13  0.56  3.03  0.00  3.41  0.62  3.48  0.03  3.32  1.85  -0.17  -0.17  0.37  0.11  -0.13  106.82  215.95  561.98  52.96  114.20  -9.66  56.79  -7.39  573.40  -87.60  0.00  0.00  34.74  171.59  -87.06  34.04  215.95  561.98  0.00  0.00  34.97  1214.74  0.00 
3.25  3.27  1.11  3.15  0.56  3.03  0.00  3.40  0.56  3.53  0.01  3.36  1.85  -0.21  -0.21  0.23  0.23  -0.12  103.85  435.28  468.75  48.82  104.96  116.16  44.74  82.59  570.80  -100.61  0.00  0.00  6.28  187.07  -19.24  -29.29  435.28  468.75  0.00  0.00  0.00  0.00  0.00 
3.30  3.32  1.11  3.20  0.56  3.07  0.00  3.45  0.56  3.57  0.00  3.40  1.86  -0.22  -0.22  0.22  0.22  -0.10  105.27  258.82  379.71  33.56  110.02  8.62  56.97  21.68  570.69  -98.62  570.69  48.66  -79.32  7.50  18.65  -36.20  258.82  379.71  258.82  379.71  0.00  0.00  0.00 
3.35  3.37  1.11  3.24  0.56  3.10  0.01  3.47  0.56  3.57  0.00  3.43  1.86  -0.24  -0.24  0.18  0.18  -0.07  106.06  458.71  350.14  12.02  262.95  46.15  134.41  29.92  0.00  0.00  574.22  41.56  -167.12  46.75  136.47  -143.84  0.00  0.00  458.71  350.14  383.66  64116.56  0.00 
3.40  3.42  1.11  3.36  0.58  3.16  0.03  3.50  0.56  3.57  0.00  3.46  1.86  -0.12  -0.35  0.13  0.13  -0.04  104.11  488.52  561.75  -8.98  292.57  110.53  98.82  55.88  0.00  0.00  576.93  33.93  -222.78  55.88  176.00  -166.41  0.00  0.00  488.52  561.75  1245.66  277506.18  0.00 
3.45  3.47  1.11  3.52  0.58  3.25  0.06  3.57  0.59  3.57  0.00  3.49  1.86  0.08  -0.47  0.19  -0.01  -0.03  106.98  -80.41  587.87  -22.76  141.62  -21.51  -26.62  -27.71  0.00  0.00  576.42  30.54  -133.85  -27.71  -26.18  49.22  0.00  0.00  -80.41  587.87  727.52  97379.14  0.00 
3.50  3.52  1.11  3.66  0.60  3.38  0.08  3.62  0.59  3.57  0.00  3.54  1.86  0.27  -0.51  0.18  -0.08  -0.02  111.73  -347.92  444.32  -24.95  21.48  -72.29  -68.85  -54.02  0.00  0.00  576.65  18.10  -48.47  -54.02  -101.51  126.32  0.00  0.00  -347.92  444.32  157.38  7627.21  0.00 
3.55  3.57  1.11  3.79  0.63  3.54  0.10  3.65  0.59  3.57  0.00  3.60  1.86  0.43  -0.45  0.14  -0.13  -0.04  117.77  -378.99  347.09  -14.85  -80.15  -33.38  -82.60  -33.47  0.00  0.00  576.96  0.18  15.80  -33.47  -52.52  66.85  0.00  0.00  -378.99  347.09  15.71  248.29  0.00 
3.60  3.62  1.11  3.90  0.66  3.71  0.10  3.67  0.58  3.57  0.00  3.67  1.86  0.54  -0.33  0.09  -0.17  -0.06  121.92  -493.98  210.37  4.32  -194.49  -81.67  -97.23  -56.91  0.00  0.00  577.05  -21.89  153.89  -56.91  -143.63  138.57  0.00  0.00  -493.98  210.37  225.53  34706.86  0.00 
3.65  3.67  1.11  3.96  0.66  3.87  0.08  3.68  0.58  3.57  0.00  3.74  1.86  0.57  -0.16  0.01  -0.18  -0.09  120.84  -492.15  174.16  26.49  -324.02  -42.37  -141.92  -34.87  0.00  0.00  576.72  -46.36  241.61  -34.87  -104.44  77.24  0.00  0.00  -492.15  174.16  932.49  225295.79  0.00 
3.70  3.72  1.11  3.98  0.65  4.00  0.06  3.65  0.56  3.57  0.00  3.81  1.85  0.51  0.02  -0.14  -0.14  -0.12  114.97  -97.67  498.50  44.61  -147.14  78.58  -101.82  47.58  0.00  0.00  575.35  -74.31  159.75  47.58  81.08  -126.15  0.00  0.00  -97.67  498.50  1177.89  188172.84  0.00 
3.75  3.77  1.11  3.93  0.57  4.09  0.03  3.67  0.56  3.57  0.00  3.87  1.85  0.28  0.28  -0.18  -0.18  -0.13  104.46  367.84  564.03  52.95  95.06  52.32  88.84  34.74  0.00  0.00  572.67  -91.72  171.59  34.74  34.04  -87.06  0.00  0.00  367.84  564.03  835.00  143281.48  0.00 
3.80  3.82  1.11  3.98  0.56  4.14  0.01  3.70  0.56  3.57  0.00  3.92  1.85  0.28  0.28  -0.22  -0.22  -0.12  106.37  227.21  449.91  48.87  43.38  12.96  51.41  6.28  0.00  0.00  569.91  -104.64  187.07  6.28  -29.29  -19.24  0.00  0.00  227.21  449.91  0.00  0.00  0.00 
3.85  3.88  1.11  4.01  0.56  4.14  0.00  3.72  0.56  3.57  0.00  3.95  1.86  0.23  0.23  -0.27  -0.27  -0.10  107.71  103.25  384.38  33.67  -31.73  68.03  -12.56  24.84  569.77  52.62  567.01  -113.43  7.50  -79.32  -36.20  18.65  103.25  384.38  103.25  384.38  0.00  0.00  0.00 
3.90  3.93  1.11  4.03  0.56  4.14  0.00  3.76  0.56  3.60  0.01  3.98  1.86  0.19  0.19  -0.28  -0.28  -0.07  108.54  498.19  319.55  12.14  90.42  271.25  42.31  130.44  573.45  45.61  0.00  0.00  46.75  -167.12  -143.84  136.47  498.19  319.55  0.00  0.00  0.00  0.00  0.00 
3.95  3.98  1.11  4.06  0.56  4.14  0.00  3.82  0.57  3.66  0.03  4.01  1.86  0.15  0.15  -0.29  -0.29  -0.04  108.41  700.70  376.85  -8.87  108.09  413.64  54.11  198.46  576.34  38.09  0.00  0.00  55.88  -222.78  -166.41  176.00  700.70  376.85  0.00  0.00  97.32  5437.71  0.00 
4.00  4.03  1.11  4.13  0.59  4.14  0.00  4.02  0.58  3.75  0.06  4.04  1.86  0.19  0.02  -0.01  -0.48  -0.03  106.58  68.49  732.70  -22.71  -3.09  201.96  -16.64  -9.75  576.44  33.88  0.00  0.00  -27.71  -133.85  49.22  -26.18  68.49  732.70  0.00  0.00  67.26  1863.90  309.74 
4.05  4.08  1.11  4.17  0.59  4.14  0.00  4.18  0.59  3.88  0.08  4.09  1.86  0.18  -0.06  0.19  -0.54  -0.02  110.07  -402.05  462.27  -24.97  -60.14  -36.09  -47.73  -94.76  576.57  22.01  0.00  0.00  -54.02  -48.47  126.32  -101.51  -402.05  462.27  0.00  0.00  50.09  2705.97  104.03 
4.10  4.13  1.11  4.21  0.59  4.14  0.00  4.32  0.62  4.04  0.10  4.15  1.86  0.15  -0.11  0.37  -0.50  -0.04  115.45  -391.80  372.32  -14.94  -32.88  -88.59  -33.44  -90.10  576.84  4.45  0.00  0.00  -33.47  15.80  66.85  -52.52  -391.80  372.32  0.00  0.00  5.49  183.73  16.30 
4.15  4.18  1.11  4.23  0.58  4.14  0.00  4.43  0.64  4.21  0.10  4.22  1.86  0.10  -0.16  0.50  -0.39  -0.06  119.65  -451.66  243.46  4.20  -51.22  -189.63  -41.68  -97.50  576.94  -17.29  0.00  0.00  -56.91  153.89  138.57  -143.63  -451.66  243.46  0.00  0.00  28.85  1641.86  31.99 
4.20  4.23  1.11  4.25  0.58  4.14  0.00  4.50  0.66  4.37  0.08  4.30  1.86  0.03  -0.18  0.55  -0.23  -0.09  119.26  -448.37  214.31  26.37  -56.07  -261.11  -42.07  -115.89  576.68  -41.29  0.00  0.00  -34.87  241.61  77.24  -104.44  -448.37  214.31  0.00  0.00  55.26  1927.00  73.42 
4.25  4.28  1.11  4.24  0.58  4.14  0.00  4.53  0.65  4.50  0.06  4.37  1.85  -0.07  -0.17  0.50  -0.07  -0.12  114.00  -245.09  370.43  44.53  14.96  -224.01  4.58  -117.42  575.92  -66.49  0.00  0.00  47.58  159.75  -126.15  81.08  -245.09  370.43  0.00  0.00  102.85  4893.57  80.61 
4.30  4.33  1.11  4.23  0.56  4.14  0.00  4.52  0.62  4.59  0.03  4.42  1.85  -0.17  -0.17  0.37  0.11  -0.13  106.82  215.88  561.96  52.94  114.20  -9.66  56.79  -7.39  573.40  -87.59  0.00  0.00  34.74  171.59  -87.06  34.04  215.88  561.96  0.00  0.00  34.97  1214.74  0.00 
4.35  4.38  1.11  4.26  0.56  4.14  0.00  4.51  0.56  4.64  0.01  4.47  1.85  -0.21  -0.21  0.23  0.23  -0.12  103.84  435.61  468.84  48.93  104.96  116.16  44.74  82.59  570.80  -100.64  0.00  0.00  6.28  187.07  -19.24  -29.29  435.61  468.84  0.00  0.00  0.00  0.00  0.00 
4.40  4.43  1.11  4.30  0.56  4.18  0.00  4.55  0.56  4.68  0.00  4.51  1.86  -0.22  -0.22  0.22  0.22  -0.10  105.25  259.46  379.83  33.77  110.02  8.62  56.97  21.68  570.69  -98.69  570.69  48.59  -79.32  7.50  18.65  -36.20  259.46  379.83  259.46  379.83  0.00  0.00  0.00 
4.45  4.48  1.11  4.35  0.56  4.21  0.01  4.58  0.56  4.68  0.00  4.53  1.86  -0.24  -0.24  0.18  0.18  -0.07  106.04  459.46  350.19  12.27  262.95  46.15  134.41  29.92  0.00  0.00  574.21  41.47  -167.12  46.75  136.47  -143.84  0.00  0.00  459.46  350.19  383.66  64116.56  0.00 
4.50  4.53  1.11  4.47  0.58  4.27  0.03  4.60  0.56  4.68  0.00  4.56  1.86  -0.12  -0.35  0.13  0.13  -0.04  104.11  489.13  561.72  -8.77  292.57  110.53  98.82  55.88  0.00  0.00  576.93  33.87  -222.78  55.88  176.00  -166.41  0.00  0.00  489.13  561.72  1245.66  277506.18  0.00 
4.55  4.58  1.11  4.62  0.58  4.36  0.06  4.68  0.59  4.68  0.00  4.60  1.86  0.08  -0.47  0.19  -0.01  -0.03  106.98  -80.12  587.84  -22.66  141.62  -21.51  -26.62  -27.71  0.00  0.00  576.42  30.51  -133.85  -27.71  -26.18  49.22  0.00  0.00  -80.12  587.84  727.52  97379.14  0.00 
4.60  4.63  1.11  4.77  0.60  4.48  0.08  4.72  0.59  4.68  0.00  4.65  1.86  0.27  -0.51  0.18  -0.08  -0.02  111.73  -348.06  444.34  -24.99  21.48  -72.29  -68.85  -54.02  0.00  0.00  576.66  18.11  -48.47  -54.02  -101.51  126.32  0.00  0.00  -348.06  444.34  157.38  7627.21  0.00 
4.65  4.68  1.11  4.90  0.63  4.64  0.10  4.75  0.59  4.68  0.00  4.71  1.86  0.43  -0.45  0.14  -0.13  -0.04  117.78  -379.51  347.14  -15.03  -80.15  -33.38  -82.60  -33.47  0.00  0.00  576.96  0.24  15.80  -33.47  -52.52  66.85  0.00  0.00  -379.51  347.14  15.71  248.29  0.00 
4.70  4.73  1.11  5.00  0.66  4.81  0.10  4.78  0.58  4.68  0.00  4.78  1.86  0.54  -0.33  0.09  -0.17  -0.06  121.94  -494.71  210.35  4.08  -194.49  -81.67  -97.23  -56.91  0.00  0.00  577.06  -21.81  153.89  -56.91  -143.63  138.57  0.00  0.00  -494.71  210.35  225.53  34706.86  0.00 
4.75  4.78  1.11  5.07  0.66  4.97  0.08  4.79  0.58  4.68  0.00  4.85  1.86  0.57  -0.16  0.01  -0.18  -0.09  120.86  -492.86  174.05  26.25  -324.02  -42.37  -141.92  -34.87  0.00  0.00  576.73  -46.28  241.61  -34.87  -104.44  77.24  0.00  0.00  -492.86  174.05  932.49  225295.79  0.00 
4.80  4.83  1.11  5.09  0.65  5.10  0.06  4.76  0.56  4.68  0.00  4.92  1.85  0.51  0.02  -0.14  -0.14  -0.12  114.99  -98.13  498.38  44.45  -147.14  78.58  -101.82  47.58  0.00  0.00  575.36  -74.26  159.75  47.58  81.08  -126.15  0.00  0.00  -98.13  498.38  1177.89  188172.84  0.00 
4.85  4.88  1.11  5.04  0.57  5.19  0.03  4.78  0.56  4.68  0.00  4.98  1.85  0.28  0.28  -0.18  -0.18  -0.13  104.46  367.77  564.01  52.92  95.06  52.32  88.84  34.74  0.00  0.00  572.67  -91.71  171.59  34.74  34.04  -87.06  0.00  0.00  367.77  564.01  835.00  143281.48  0.00 
4.90  4.93  1.11  5.09  0.56  5.25  0.01  4.81  0.56  4.68  0.00  5.02  1.85  0.28  0.28  -0.22  -0.22  -0.12  106.35  227.54  450.00  48.99  43.38  12.96  51.41  6.28  0.00  0.00  569.90  -104.68  187.07  6.28  -29.29  -19.24  0.00  0.00  227.54  450.00  0.00  0.00  0.00 
4.95  4.98  1.11  5.11  0.56  5.25  0.00  4.83  0.56  4.68  0.00  5.06  1.86  0.23  0.23  -0.27  -0.27  -0.10  107.69  103.89  384.50  33.88  -31.73  68.03  -12.56  24.84  569.76  52.55  567.00  -113.51  7.50  -79.32  -36.20  18.65  103.89  384.50  103.89  384.50  0.00  0.00  0.00 
5.00  5.03  1.11  5.14  0.56  5.25  0.00  4.87  0.56  4.71  0.01  5.09  1.86  0.19  0.19  -0.28  -0.28  -0.07  108.53  498.94  319.60  12.39  90.42  271.25  42.31  130.44  573.45  45.53  0.00  0.00  46.75  -167.12  -143.84  136.47  498.94  319.60  0.00  0.00  0.00  0.00  0.00 
5.05  5.08  1.11  5.16  0.56  5.25  0.00  4.92  0.57  4.77  0.03  5.12  1.86  0.15  0.15  -0.29  -0.29  -0.04  108.41  701.32  376.82  -8.67  108.09  413.64  54.11  198.46  576.34  38.02  0.00  0.00  55.88  -222.78  -166.41  176.00  701.32  376.82  0.00  0.00  97.32  5437.71  0.00 
5.10  5.13  1.11  5.24  0.59  5.25  0.00  5.13  0.58  4.86  0.06  5.15  1.86  0.19  0.02  -0.01  -0.48  -0.03  106.58  68.78  732.66  -22.62  -3.09  201.96  -16.64  -9.75  576.43  33.85  0.00  0.00  -27.71  -133.85  49.22  -26.18  68.78  732.66  0.00  0.00  67.26  1863.90  309.73 
5.15  5.18  1.11  5.28  0.59  5.25  0.00  5.29  0.59  4.98  0.08  5.20  1.86  0.18  -0.06  0.19  -0.54  -0.02  110.07  -402.18  462.29  -25.02  -60.14  -36.09  -47.73  -94.76  576.57  22.03  0.00  0.00  -54.02  -48.47  126.32  -101.51  -402.18  462.29  0.00  0.00  50.09  2705.97  104.04 
5.20  5.23  1.11  5.31  0.59  5.25  0.00  5.43  0.62  5.14  0.10  5.26  1.86  0.15  -0.11  0.37  -0.50  -0.04  115.46  -392.32  372.36  -15.11  -32.88  -88.59  -33.44  -90.10  576.84  4.51  0.00  0.00  -33.47  15.80  66.85  -52.52  -392.32  372.36  0.00  0.00  5.49  183.73  16.30 
5.25  5.28  1.11  5.34  0.58  5.25  0.00  5.54  0.64  5.31  0.10  5.33  1.86  0.10  -0.16  0.50  -0.39  -0.06  119.67  -452.39  243.45  3.96  -51.22  -189.63  -41.68  -97.50  576.95  -17.20  0.00  0.00  -56.91  153.89  138.57  -143.63  -452.39  243.45  0.00  0.00  28.85  1641.86  31.99 
5.30  5.33  1.11  5.35  0.58  5.25  0.00  5.61  0.66  5.47  0.08  5.40  1.86  0.03  -0.18  0.55  -0.23  -0.09  119.28  -449.08  214.21  26.13  -56.07  -261.11  -42.07  -115.89  576.69  -41.21  0.00  0.00  -34.87  241.61  77.24  -104.44  -449.08  214.21  0.00  0.00  55.26  1927.00  73.38 
5.35  5.38  1.11  5.35  0.58  5.25  0.00  5.64  0.65  5.60  0.06  5.47  1.85  -0.07  -0.17  0.50  -0.07  -0.12  114.01  -245.55  370.31  44.37  14.96  -224.01  4.58  -117.42  575.93  -66.44  0.00  0.00  47.58  159.75  -126.15  81.08  -245.55  370.31  0.00  0.00  102.85  4893.57  80.59 
5.40  5.44  1.11  5.34  0.56  5.25  0.00  5.63  0.62  5.69  0.03  5.53  1.85  -0.17  -0.17  0.37  0.11  -0.13  106.82  215.80  561.94  52.91  114.20  -9.66  56.79  -7.39  573.40  -87.59  0.00  0.00  34.74  171.59  -87.06  34.04  215.80  561.94  0.00  0.00  34.97  1214.74  0.00 
5.45  5.49  1.11  5.37  0.56  5.25  0.00  5.62  0.56  5.75  0.01  5.58  1.85  -0.21  -0.21  0.23  0.23  -0.12  103.83  435.94  468.93  49.04  104.96  116.16  44.74  82.59  570.79  -100.68  0.00  0.00  6.28  187.07  -19.24  -29.29  435.94  468.93  0.00  0.00  0.00  0.00  0.00 
5.50  5.54  1.11  5.41  0.56  5.29  0.00  5.66  0.56  5.79  0.00  5.61  1.86  -0.22  -0.22  0.22  0.22  -0.10  105.23  260.10  379.94  33.99  110.02  8.62  56.97  21.68  570.68  -98.76  570.68  48.52  -79.32  7.50  18.65  -36.20  260.10  379.94  260.10  379.94  0.00  0.00  0.00 
5.55  5.59  1.11  5.45  0.56  5.32  0.01  5.69  0.56  5.79  0.00  5.64  1.86  -0.24  -0.24  0.18  0.18  -0.07  106.03  460.22  350.24  12.52  262.95  46.15  134.41  29.92  0.00  0.00  574.21  41.39  -167.12  46.75  136.47  -143.84  0.00  0.00  460.22  350.24  383.66  64116.56  0.00 
5.60  5.64  1.11  5.57  0.58  5.37  0.03  5.71  0.56  5.79  0.00  5.67  1.86  -0.12  -0.35  0.13  0.13  -0.04  104.10  489.76  561.69  -8.57  292.57  110.53  98.82  55.88  0.00  0.00  576.92  33.80  -222.78  55.88  176.00  -166.41  0.00  0.00  489.76  561.69  1245.66  277506.18  0.00 
5.65  5.69  1.11  5.73  0.58  5.46  0.06  5.79  0.59  5.79  0.00  5.71  1.86  0.08  -0.47  0.19  -0.01  -0.03  106.98  -79.83  587.80  -22.57  141.62  -21.51  -26.62  -27.71  0.00  0.00  576.42  30.48  -133.85  -27.71  -26.18  49.22  0.00  0.00  -79.83  587.80  727.52  97379.14  0.00 
5.70  5.74  1.11  5.88  0.60  5.59  0.08  5.83  0.59  5.79  0.00  5.75  1.86  0.27  -0.51  0.18  -0.08  -0.02  111.73  -348.19  444.36  -25.04  21.48  -72.29  -68.85  -54.02  0.00  0.00  576.66  18.13  -48.47  -54.02  -101.51  126.32  0.00  0.00  -348.19  444.36  157.38  7627.21  0.00 
5.75  5.79  1.11  6.01  0.63  5.75  0.10  5.86  0.59  5.79  0.00  5.81  1.86  0.43  -0.45  0.14  -0.13  -0.04  117.78  -380.02  347.18  -15.20  -80.15  -33.38  -82.60  -33.47  0.00  0.00  576.96  0.30  15.80  -33.47  -52.52  66.85  0.00  0.00  -380.02  347.18  15.71  248.29  0.00 
5.80  5.84  1.11  6.11  0.66  5.92  0.10  5.88  0.58  5.79  0.00  5.88  1.86  0.54  -0.33  0.09  -0.17  -0.06  121.95  -495.44  210.33  3.84  -194.49  -81.67  -97.23  -56.91  0.00  0.00  577.06  -21.73  153.89  -56.91  -143.63  138.57  0.00  0.00  -495.44  210.33  225.53  34706.86  0.00 
5.85  5.89  1.11  6.18  0.66  6.08  0.08  5.89  0.58  5.79  0.00  5.96  1.86  0.57  -0.16  0.01  -0.18  -0.09  120.88  -493.57  173.95  26.01  -324.02  -42.37  -141.92  -34.87  0.00  0.00  576.73  -46.20  241.61  -34.87  -104.44  77.24  0.00  0.00  -493.57  173.95  932.49  225295.79  0.00 
5.90  5.94  1.11  6.20  0.65  6.21  0.06  5.86  0.56  5.79  0.00  6.03  1.85  0.51  0.02  -0.14  -0.14  -0.12  115.00  -98.59  498.27  44.29  -147.14  78.58  -101.82  47.58  0.00  0.00  575.37  -74.21  159.75  47.58  81.08  -126.15  0.00  0.00  -98.59  498.27  1177.89  188172.84  0.00 
5.95  5.99  1.11  6.14  0.57  6.30  0.03  5.89  0.56  5.79  0.00  6.09  1.85  0.28  0.28  -0.18  -0.18  -0.13  104.47  367.69  563.98  52.90  95.06  52.32  88.84  34.74  0.00  0.00  572.67  -91.70  171.59  34.74  34.04  -87.06  0.00  0.00  367.69  563.98  835.00  143281.48  0.00 
6.00  6.04  1.11  6.20  0.56  6.35  0.01  5.91  0.56  5.79  0.00  6.13  1.85  0.28  0.28  -0.22  -0.22  -0.12  106.34  227.87  450.09  49.10  43.38  12.96  51.41  6.28  0.00  0.00  569.90  -104.72  187.07  6.28  -29.29  -19.24  0.00  0.00  227.87  450.09  0.00  0.00  0.00 
6.05  6.09  1.11  6.22  0.56  6.35  0.00  5.94  0.56  5.79  0.00  6.17  1.86  0.23  0.23  -0.27  -0.27  -0.10  107.67  104.53  384.62  34.10  -31.73  68.03  -12.56  24.84  569.75  52.47  566.99  -113.58  7.50  -79.32  -36.20  18.65  104.53  384.62  104.53  384.62  0.00  0.00  0.00 
6.10  6.14  1.11  6.25  0.56  6.35  0.00  5.98  0.56  5.82  0.01  6.19  1.86  0.19  0.19  -0.28  -0.28  -0.07  108.51  499.70  319.65  12.64  90.42  271.25  42.31  130.44  573.44  45.45  0.00  0.00  46.75  -167.12  -143.84  136.47  499.70  319.65  0.00  0.00  0.00  0.00  0.00 
6.15  6.19  1.11  6.27  0.56  6.35  0.00  6.03  0.57  5.87  0.03  6.22  1.86  0.15  0.15  -0.29  -0.29  -0.04  108.40  701.94  376.80  -8.46  108.09  413.64  54.11  198.46  576.33  37.95  0.00  0.00  55.88  -222.78  -166.41  176.00  701.94  376.80  0.00  0.00  97.32  5437.71  0.00 
6.20  6.24  1.11  6.34  0.59  6.35  0.00  6.24  0.58  5.96  0.06  6.26  1.86  0.19  0.02  -0.01  -0.48  -0.03  106.58  69.07  732.62  -22.52  -3.09  201.96  -16.64  -9.75  576.43  33.81  0.00  0.00  -27.71  -133.85  49.22  -26.18  69.07  732.62  0.00  0.00  67.26  1863.90  309.71 
6.25  6.29  1.11  6.39  0.59  6.35  0.00  6.39  0.59  6.09  0.08  6.31  1.86  0.18  -0.06  0.19  -0.54  -0.02  110.07  -402.31  462.31  -25.06  -60.14  -36.09  -47.73  -94.76  576.57  22.04  0.00  0.00  -54.02  -48.47  126.32  -101.51  -402.31  462.31  0.00  0.00  50.09  2705.97  104.04 
6.30  6.34  1.11  6.42  0.59  6.35  0.00  6.53  0.62  6.25  0.10  6.37  1.86  0.15  -0.11  0.37  -0.50  -0.04  115.46  -392.83  372.40  -15.28  -32.88  -88.59  -33.44  -90.10  576.84  4.57  0.00  0.00  -33.47  15.80  66.85  -52.52  -392.83  372.40  0.00  0.00  5.49  183.73  16.31 
6.35  6.39  1.11  6.45  0.58  6.35  0.00  6.64  0.64  6.42  0.10  6.44  1.86  0.10  -0.16  0.50  -0.39  -0.06  119.68  -453.12  243.43  3.71  -51.22  -189.63  -41.68  -97.50  576.95  -17.12  0.00  0.00  -56.91  153.89  138.57  -143.63  -453.12  243.43  0.00  0.00  28.85  1641.86  31.98 
6.40  6.44  1.11  6.46  0.58  6.35  0.00  6.72  0.66  6.58  0.08  6.51  1.86  0.03  -0.18  0.55  -0.23  -0.09  119.30  -449.79  214.11  25.89  -56.07  -261.11  -42.07  -115.89  576.70  -41.13  0.00  0.00  -34.87  241.61  77.24  -104.44  -449.79  214.11  0.00  0.00  55.26  1927.00  73.35 
6.45  6.49  1.11  6.45  0.58  6.35  0.00  6.75  0.65  6.71  0.06  6.58  1.85  -0.07  -0.17  0.50  -0.07  -0.12  114.03  -246.02  370.20  44.22  14.96  -224.01  4.58  -117.42  575.93  -66.39  0.00  0.00  47.58  159.75  -126.15  81.08  -246.02  370.20  0.00  0.00  102.85  4893.57  80.56 
6.50  6.54  1.11  6.45  0.56  6.35  0.00  6.73  0.62  6.80  0.03  6.64  1.85  -0.17  -0.17  0.37  0.11  -0.13  106.83  215.72  561.91  52.88  114.20  -9.66  56.79  -7.39  573.40  -87.58  0.00  0.00  34.74  171.59  -87.06  34.04  215.72  561.91  0.00  0.00  34.97  1214.74  0.00 
6.55  6.59  1.11  6.47  0.56  6.35  0.00  6.72  0.56  6.85  0.01  6.69  1.85  -0.21  -0.21  0.23  0.23  -0.12  103.82  436.26  469.02  49.15  104.96  116.16  44.74  82.59  570.79  -100.72  0.00  0.00  6.28  187.07  -19.24  -29.29  436.26  469.02  0.00  0.00  0.00  0.00  0.00 
6.60  6.64  1.11  6.52  0.56  6.39  0.00  6.77  0.56  6.89  0.00  6.72  1.86  -0.22  -0.22  0.22  0.22  -0.10  105.21  260.74  380.06  34.21  110.02  8.62  56.97  21.68  570.67  -98.83  570.67  48.45  -5.31  21.68  -3.91  -30.29  260.74  380.06  260.74  380.06  0.00  0.00  0.00 
6.65  6.69  1.11  6.56  0.56  6.43  0.01  6.79  0.56  6.89  0.00  6.75  1.86  -0.24  -0.24  0.18  0.18  -0.07  106.01  460.97  350.29  12.77  262.95  46.15  134.41  29.92  0.00  0.00  574.20  41.31  -110.79  29.92  63.30  -76.07  0.00  0.00  460.97  350.29  254.35  28180.38  0.00 
6.70  6.74  1.11  6.68  0.58  6.48  0.03  6.82  0.56  6.89  0.00  6.78  1.86  -0.12  -0.35  0.13  0.13  -0.04  104.09  490.38  561.66  -8.36  292.57  110.53  98.82  55.88  0.00  0.00  576.92  33.73  -219.37  55.88  174.77  -166.41  0.00  0.00  490.38  561.66  1226.58  269071.00  0.00 
6.75  6.79  1.11  6.84  0.58  6.57  0.06  6.90  0.59  6.89  0.00  6.81  1.86  0.08  -0.47  0.19  -0.01  -0.03  106.98  -79.54  587.77  -22.47  141.62  -21.51  -26.62  -27.71  0.00  0.00  576.42  30.44  -132.30  -27.71  -26.75  49.22  0.00  0.00  -79.54  587.77  719.08  95132.95  0.00 
6.80  6.84  1.11  6.98  0.60  6.70  0.08  6.94  0.59  6.89  0.00  6.86  1.86  0.27  -0.51  0.18  -0.08  -0.02  111.73  -348.32  444.37  -25.08  21.48  -72.29  -68.85  -54.02  0.00  0.00  576.66  18.14  -49.20  -54.02  -101.23  126.32  0.00  0.00  -348.32  444.37  159.78  7861.84  0.00 
6.85  6.89  1.11  7.12  0.63  6.86  0.10  6.97  0.59  6.89  0.00  6.92  1.86  0.43  -0.45  0.14  -0.13  -0.04  117.79  -380.53  347.22  -15.37  -80.15  -33.38  -82.60  -33.47  0.00  0.00  576.96  0.36  13.16  -33.47  -51.48  66.85  0.00  0.00  -380.53  347.22  13.09  172.15  0.00 
6.90  6.95  1.11  7.22  0.66  7.03  0.10  6.99  0.58  6.89  0.00  6.99  1.86  0.54  -0.33  0.09  -0.17  -0.06  121.96  -496.17  210.32  3.59  -194.49  -81.67  -97.23  -56.91  0.00  0.00  577.07  -21.65  150.18  -56.91  -142.16  138.57  0.00  0.00  -496.17  210.32  220.09  33052.12  0.00 
6.95  7.00  1.11  7.28  0.66  7.19  0.08  7.00  0.58  6.89  0.00  7.06  1.86  0.57  -0.16  0.01  -0.18  -0.09  120.90  -494.28  173.85  25.77  -324.02  -42.37  -141.92  -34.87  0.00  0.00  576.74  -46.12  237.88  -34.87  -103.01  77.24  0.00  0.00  -494.28  173.85  918.12  218402.74  0.00 
7.00  7.05  1.11  7.30  0.65  7.32  0.06  6.97  0.56  6.89  0.00  7.13  1.85  0.51  0.02  -0.14  -0.14  -0.12  115.02  -99.06  498.16  44.14  -147.14  78.58  -101.82  47.58  0.00  0.00  575.37  -74.16  157.21  47.58  82.02  -126.15  0.00  0.00  -99.06  498.16  1159.10  182217.48  0.00 
7.05  7.10  1.11  7.25  0.57  7.41  0.03  6.99  0.56  6.89  0.00  7.19  1.85  0.28  0.28  -0.18  -0.18  -0.13  104.47  367.60  563.96  52.87  95.06  52.32  88.84  34.74  0.00  0.00  572.67  -91.69  171.17  34.74  34.19  -87.06  0.00  0.00  367.60  563.96  832.95  142579.12  0.00 
7.10  7.15  1.11  7.30  0.56  7.46  0.01  7.02  0.56  6.89  0.00  7.24  1.85  0.28  0.28  -0.22  -0.22  -0.12  106.33  228.19  450.18  49.21  43.38  12.96  51.41  6.28  0.00  0.00  569.89  -104.75  188.97  6.28  -29.97  -19.24  0.00  0.00  228.19  450.18  0.00  0.00  0.00 
7.15  7.20  1.11  7.33  0.56  7.46  0.00  7.04  0.56  6.89  0.00  7.27  1.86  0.23  0.23  -0.27  -0.27  -0.10  107.65  105.16  384.74  34.31  -31.73  68.03  -12.56  24.84  569.74  52.40  566.98  -113.65  86.11  24.84  58.56  -92.87  105.16  384.74  105.16  384.74  0.00  0.00  0.00 
7.20  7.25  1.11  7.35  0.56  7.46  0.00  7.09  0.56  6.93  0.01  7.30  1.86  0.19  0.19  -0.28  -0.28  -0.07  108.49  500.45  319.71  12.89  90.42  271.25  42.31  130.44  573.43  45.36  0.00  0.00  -153.59  130.44  388.79  -401.69  500.45  319.71  0.00  0.00  0.00  0.00  0.00 
7.25  7.30  1.11  7.38  0.56  7.46  0.00  7.14  0.57  6.98  0.03  7.33  1.86  0.15  0.15  -0.29  -0.29  -0.04  108.39  702.57  376.77  -8.25  108.09  413.64  54.11  198.46  576.33  37.88  0.00  0.00  -285.93  198.46  620.35  -612.10  702.57  376.77  0.00  0.00  497.99  142390.88  0.00 
7.30  7.35  1.11  7.45  0.59  7.46  0.00  7.34  0.58  7.07  0.06  7.37  1.86  0.19  0.02  -0.01  -0.48  -0.03  106.58  69.36  732.59  -22.42  -3.09  201.96  -16.64  -9.75  576.43  33.78  0.00  0.00  -88.27  -9.75  214.63  -192.21  69.36  732.59  0.00  0.00  214.26  18912.55  309.70 
7.35  7.40  1.11  7.50  0.59  7.46  0.00  7.50  0.59  7.20  0.08  7.41  1.86  0.18  -0.06  0.19  -0.54  -0.02  110.07  -402.44  462.33  -25.10  -60.14  -36.09  -47.73  -94.76  576.57  22.05  0.00  0.00  -17.45  -94.76  -105.75  130.85  -402.44  462.33  0.00  0.00  16.18  282.35  104.05 
7.40  7.45  1.11  7.53  0.59  7.46  0.00  7.64  0.62  7.36  0.10  7.47  1.86  0.15  -0.11  0.37  -0.50  -0.04  115.47  -393.34  372.44  -15.45  -32.88  -88.59  -33.44  -90.10  576.84  4.63  0.00  0.00  0.01  -90.10  -163.24  178.69  -393.34  372.44  0.00  0.00  0.00  0.00  16.31 
7.45  7.50  1.11  7.55  0.58  7.46  0.00  7.75  0.64  7.53  0.10  7.54  1.86  0.10  -0.16  0.50  -0.39  -0.06  119.69  -453.85  243.42  3.47  -51.22  -189.63  -41.68  -97.50  576.96  -17.04  0.00  0.00  90.17  -97.50  -290.60  287.12  -453.85  243.42  0.00  0.00  45.72  4122.16  31.98 
7.50  7.55  1.11  7.57  0.58  7.46  0.00  7.82  0.66  7.69  0.08  7.62  1.86  0.03  -0.18  0.55  -0.23  -0.09  119.32  -450.50  214.01  25.65  -56.07  -261.11  -42.07  -115.89  576.71  -41.05  0.00  0.00  197.48  -115.89  -402.66  377.00  -450.50  214.01  0.00  0.00  312.95  61802.43  73.31 
7.55  7.60  1.11  7.56  0.58  7.46  0.00  7.86  0.65  7.82  0.06  7.69  1.85  -0.07  -0.17  0.50  -0.07  -0.12  114.05  -246.49  370.08  44.06  14.96  -224.01  4.58  -117.42  575.94  -66.33  0.00  0.00  209.99  -117.42  -385.49  341.43  -246.49  370.08  0.00  0.00  453.95  95326.67  80.54 
7.60  7.65  1.11  7.56  0.56  7.46  0.00  7.84  0.62  7.91  0.03  7.75  1.85  -0.17  -0.17  0.37  0.11  -0.13  106.83  8.16  509.62  45.63  60.52  -92.31  39.07  -53.03  573.40  -87.57  0.00  0.00  84.80  -53.03  -190.96  145.33  8.16  509.62  0.00  0.00  85.37  7239.88  0.00 
7.65  7.70  1.11  7.58  0.56  7.46  0.00  7.83  0.56  7.96  0.01  7.79  1.85  -0.21  -0.21  0.23  0.23  -0.12  103.81  107.49  523.11  38.57  48.11  -21.05  34.15  0.35  570.78  -100.76  0.00  0.00  8.20  0.35  -59.27  20.71  107.49  523.11  0.00  0.00  0.00  0.00  0.00 
