    1  -533    32   308  1035   988  1026   -35   232     1
    2  -534    32   312  1035   988  1026   -70   242     1
    3  -535    32   317  1035   987  1025  -109   263     1
    4  -536    32   327  1035   987  1026  -324   201     1
    5  -537    31   331  1036   988  1026  -302   233     1
    6  -522    31   331  1039   989  1028   -99   232     1
    7  -496    22   309  1041   991  1027   171   223     1
    8  -464     7   285  1042   989  1031   676   323     1
    9  -433    -3   267  1047   978  1037   224   819     1
   10  -548     4   245  1051   978  1039 -1921  1071     1
   11  -811    -1   238  1047   979  1034 -2521   895     1
   12 -1075    -6   238  1047   979  1034 -3998  1020     1
   13  -997    32   255  1039   979  1029 -5114  1182     1
   14  -851    28   249  1041   979  1031 -5123   210     1
   15  -673    28   231  1042   979  1032 -4202   270     1
   16  -677    32   226  1044   980  1034 -3292   164     1
   17  -773    23   222  1038   980  1020 -2793   182     1
   18  -786   -28   242  1024   985  1012 -3471   491     1
   19  -756  -457   294  1023  1024  1013 -1508  1618     1
   20  -691  -384   302  1022  1026  1013  9943  8351     1
   21  -536  -111   324  1022  1021  1012  9970  6865     1
   22  -517    43   357  1022  1017  1012  8824  2765     1
   23  -546    39   444  1022  1010  1012  7468   268     1
   24  -568    37   543  1022  1009  1012  5924   372     1
   25  -528    32   531  1022  1004  1012  5822   387     1
   26  -370     5   476  1022   986  1022  4271   420     1
   27  -607    -7   399  1027   976  1022    86   809     1
   28  -976     0   318  1031   976  1030 -3371  1076     1
   29 -1278    -2   303  1028   976  1025 -5080   937     1
   30 -1180    22   294  1030   976  1028 -5148  1000     1
   31  -987    20   253  1034   977  1032 -5189   472     1
   32  -781    20   236  1035   977  1030 -4964   425     1
   33  -822    15   239  1032   977  1026 -4662   593     1
   34  -905    -1   239  1023   978  1014 -4800   710     1
   35  -854   -56   256  1023  1010  1012 -4975  1045     1
   36  -713  -387   281  1022  1021  1013  8878  1979     1
   37  -625  -296   279  1021  1019  1012  9934  6990     1
   38  -480   -95   332  1021  1011  1012  9544  5356     1
   39  -520    36   449  1021  1006  1012  5570  2414     1
   40  -580    33   520  1021  1011  1012  4657   438     1
   41  -497    30   572  1021  1013  1012  6455   423     1
   42  -329    12   470  1021   993  1012  5987   492     1
   43  -194    28   404  1031   973  1024   955   756     1
   44  -788    24   310  1038   974  1039  -858   385     1
   45 -1089     3   268  1050   974  1042 -4805   369     1
   46 -1229    12   288  1047   974  1038 -4957   866     1
   47 -1050    14   270  1048   975  1040 -5203   637     1
   48  -870    14   241  1049   975  1041 -5183   554     1
   49  -744    14   241  1050   976  1040 -5085   631     1
   50  -791    14   236  1041   976  1030 -4613   565     1
   51  -870   -18   236  1023   979  1013 -4932   676     1
   52  -853  -123   262  1023   999  1012 -4348  1423     1
   53  -699  -385   271  1022  1010  1013  4265  3298     1
   54  -619  -473   283  1021  1005  1012  7339  6922     1
   55  -522  -230   349  1021   997  1012  5140  7987     1
   56  -570    38   417  1021   993  1012  2416  4430     1
   57  -632    32   462  1022   995  1012  1399   414     1
   58  -526    30   470  1021   984  1012  1995   477     1
   59  -498    19   327  1022   975  1013 -1073   545     1
   60  -610    31   268  1037   975  1027 -3047   725     1
   61 -1203    14   239  1058   976  1041 -3857   321     1
   62 -1330    12   237  1061   976  1041 -4921   487     1
   63 -1284    11   241  1055   976  1037 -5111   569     1
   64  -853    11   234  1049   977  1035 -5227   622     1
   65  -662    13   234  1046   977  1028 -5154   680     1
   66  -572    12   231  1032   977  1016 -3870   643     1
   67  -737     6   228  1022   978  1013 -3181   761     1
   68  -766   -51   276  1022   980  1012 -3931   879     1
   69  -745  -200   302  1022   998  1012 -3382  2001     1
   70  -649  -441   308  1021  1003  1013  3361  4406     1
   71  -589  -493   341  1021  1002  1012  4643  7595     1
   72  -546  -238   384  1021   993  1012  3985  8244     1
   73  -607    38   409  1021   989  1012  1381  4383     1
   74  -655    31   422  1021   994  1012   206   340     1
   75  -625    10   422  1021   988  1012  1704   497     1
   76  -440   -16   299  1027   977  1018  -153   777     1
   77  -507   -19   251  1033   978  1025 -2240  1235     1
   78  -750   -11   218  1053   978  1041 -2237  1318     1
   79 -1245   -22   210  1054   978  1037 -3936  1342     1
   80 -1236   -23   229  1044   978  1029 -5101  1588     1
   81 -1100   -17   230  1037   979  1024 -5167  1519     1
   82  -697   -12   227  1035   979  1024 -5156  1361     1
   83  -557    14   225  1034   979  1019 -3456  1137     1
   84  -571    15   221  1027   980  1014 -2508   537     1
   85  -729     6   261  1022   984  1012 -2341   730     1
   86  -733   -16   261  1022   984  1012 -1716   877     1
   87  -745  -128   313  1022  1002  1012 -1723  1416     1
   88  -691  -444   341  1021  1010  1012  4891  3108     1
   89  -661  -385   357  1021  1012  1012  7368  7798     1
   90  -612  -166   342  1021  1012  1012  7711  6655     1
   91  -609    40   367  1021  1007  1012  7146  3542     1
   92  -606    31   404  1021  1004  1012  5636   341     1
   93  -562    31   427  1021  1002  1012  4697   492     1
   94  -497    -1   399  1022   981  1017  3796   486     1
   95  -561     0   341  1033   977  1029 -1608  1009     1
   96 -1061     5   280  1043   977  1040 -2920   946     1
   97 -1252    15   246  1051   977  1044 -4853   833     1
   98 -1277    17   249  1051   978  1045 -5086   514     1
   99 -1002    18   241  1052   978  1043 -5164   441     1
  100  -800    14   234  1049   978  1041 -5175   472     1
  101  -649    16   235  1052   979  1041 -4458   544     1
  102  -759    15   229  1043   979  1031 -2966   505     1
  103  -848   -17   224  1027   982  1013 -3637   662     1
  104  -825   -84   271  1023   996  1013 -2960  1407     1
  105  -679  -300   292  1022  1007  1013  2864  2641     1
  106  -610  -439   288  1021  1006  1012  6159  5718     1
  107  -558  -233   322  1021  1001  1012  5303  7520     1
  108  -609    38   380  1021  1001  1012  3580  4443     1
  109  -639    32   427  1021   999  1012  3876   382     1
  110  -615    32   446  1021  1002  1012  3290   477     1
  111  -378    -4   415  1022   984  1013  4041   423     1
  112  -387    20   303  1025   977  1020  -481  1019     1
  113  -669    26   255  1039   977  1038 -1642   600     1
  114 -1215     5   259  1045   978  1038 -3738   285     1
  115 -1281    23   274  1040   978  1035 -4980   834     1
  116 -1122    28   256  1039   978  1030 -5186   442     1
  117  -951    19   243  1031   979  1021 -5187   279     1
  118  -787    18   251  1025   979  1014 -4917   613     1
  119  -744    14   243  1021   979  1012 -3762   651     1
  120  -819   -11   232  1022   979  1012 -3561   772     1
  121  -819   -94   281  1022   987  1012 -4052  1263     1
  122  -762  -315   318  1021  1021  1012  -775  2827     1
  123  -617  -527   327  1021  1029  1012  9810  5742     1
  124  -485  -289   354  1021  1021  1012  9887  8741     1
  125  -231    41   395  1021  1009  1012  7917  5196     1
  126  -216    35   475  1021  1003  1012  2695   336     1
  127  -283    33   541  1021  1010  1012  1974   449     1
  128  -376   -18   592  1022   998  1012  3338   550     1
  129  -443  -121   432  1035   976  1027  2115  1237     1
  130  -730   -44   255  1046   976  1038 -2256  3578     1
  131 -1256    38   242  1053   976  1039 -4558  2227     1
  132 -1271   -23   272  1045   976  1035 -5070  -170     1
  133 -1157   -32   248  1042   977  1034 -5194  1538     1
  134  -740   -14   240  1039   977  1030 -5212  1734     1
  135  -646    27   240  1031   977  1019 -4367  1303     1
  136  -724    19   233  1022   978  1013 -3607   385     1
  137  -831   -79   273  1022   983  1012 -3859   757     1
  138  -805  -209   296  1022  1006  1012 -2462  2430     1
  139  -755  -370   305  1021  1008  1012  6866  4336     1
  140  -650  -108   344  1021  1005  1012  7269  6511     1
  141  -645    20   415  1021  1004  1012  5366  2583     1
  142  -670    24   484  1021  1009  1012  5049   673     1
  143  -735    25   519  1021  1023  1012  6876   612     1
  144  -703    25   517  1021  1010  1012  9985   596     1
  145  -478    22   482  1022   988  1012  7236   578     1
  146  -369    27   418  1039   975  1026    11   663     1
  147  -515    27   332  1047   975  1038 -2022   388     1
  148 -1127     0   283  1049   975  1036 -3155   218     1
  149 -1231   -20   278  1044   976  1033 -4945   919     1
  150 -1213    15   251  1040   976  1028 -5082  1487     1
  151  -919    24   240  1033   976  1021 -5161   636     1
  152  -779    17   246  1027   977  1016 -5074   452     1
  153  -760    17   240  1022   977  1013 -4525   555     1
  154  -859     7   243  1022   978  1012 -4443   674     1
  155  -843   -61   273  1022   997  1012 -4730   982     1
  156  -764  -233   290  1021  1002  1012  3369  2205     1
  157  -666  -404   318  1021   999  1012  5048  4709     1
  158  -668  -191   318  1021   999  1012  3492  6938     1
  159  -683     5   385  1021   996  1012  3533  3798     1
  160  -740    28   421  1021  1000  1012  2559   876     1
  161  -709    29   426  1021  1006  1012  4138   526     1
  162  -653    21   424  1021  1000  1012  6057   584     1
  163  -336    29   394  1022   987  1012  3595   627     1
  164  -364    30   340  1044   976  1033   143   455     1
  165  -659    25   289  1057   976  1044 -1714   161     1
  166 -1156    18   260  1065   976  1051 -4047    77     1
  167 -1162    21   273  1059   977  1045 -5001   321     1
  168 -1061    20   260  1053   977  1042 -5106   223     1
  169  -736    22   236  1051   977  1041 -5124   306     1
  170  -668    23   235  1051   978  1040 -4285   257     1
  171  -706    23   233  1046   978  1030 -3440   238     1
  172  -841   -47   241  1030   981  1018 -3752   409     1
  173  -817  -158   286  1023   989  1013 -3391  2004     1
  174  -781  -333   285  1022   996  1013     3  3758     1
  175  -696  -250   269  1022   991  1013  2776  6107     1
  176  -675   -34   288  1022   985  1012   794  4760     1
  177  -726    32   309  1022   983  1012 -1168  1513     1
  178  -759    28   343  1022   982  1012 -2015   430     1
  179  -772    30   362  1022   984  1012 -2534   622     1
  180  -692    28   344  1022   986  1012 -1885   476     1
  181  -612    28   313  1027   982  1021  -959   517     1
  182  -586    28   285  1042   979  1036 -1986   489     1
  183  -809    27   257  1064   979  1051 -2520   219     1
  184 -1012    15   260  1057   980  1046 -3808     7     1
  185 -1133    -2   261  1050   980  1043 -4548   489     1
  186  -986   -16   260  1044   980  1036 -5136  1094     1
  187  -855   -24   240  1030   980  1024 -4626  1397     1
  188  -736   -23   224  1025   981  1017 -3913  1434     1
  189  -667   -17   201  1022   981  1014 -2819  1343     1
  190  -703   -11   209  1022   981  1012 -2507  1205     1
  191  -718   -61   244  1022   992  1012 -2670  1184     1
  192  -705  -186   268  1021   998  1012  1162  1964     1
  193  -693  -125   268  1021   997  1012  3271  3752     1
  194  -702   -22   282  1022  1005  1012  2942  2809     1
  195  -676    27   316  1022  1017  1012  5727  1350     1
  196  -626    22   363  1022  1023  1012  9537   500     1
  197  -566    27   400  1022  1019  1012  9870   548     1
  198  -276    26   485  1033   998  1032  8543   535     1
  199  -339    25   462  1057   978  1040  1797   425     1
  200  -570    23   382  1058   978  1038 -1308   117     1
  201  -856    11   320  1053   978  1035 -2912   214     1
  202  -808    22   277  1056   979  1040 -4715   615     1
  203  -703    16   252  1056   979  1040 -4083   224     1
  204  -609    24   241  1054   979  1040 -3394   388     1
  205  -678    31   236  1047   980  1032 -2728   220     1
  206  -855    27   270  1031   982  1014 -2884   103     1
  207  -859   -72   316  1023   994  1012 -2961   488     1
  208  -798  -264   307  1023  1018  1013  2098  2365     1
  209  -599  -446   321  1022  1019  1013  9883  5400     1
  210  -533  -145   373  1022  1006  1012  9127  7751     1
  211  -533    31   445  1022   994  1012  4780  3230     1
  212  -705    25   515  1022   993  1012  1607   479     1
  213  -729    24   541  1022  1002  1012  1617   577     1
  214  -695    24   504  1022  1000  1012  4770   592     1
  215  -474    26   389  1023   986  1024  3887   531     1
  216  -494    32   358  1035   977  1038  -301   533     1
  217  -741    26   322  1049   977  1042 -2439   269     1
  218 -1167    21   301  1042   978  1036 -4313   130     1
  219 -1155    27   273  1041   978  1036 -5092   437     1
  220 -1007    27   241  1042   978  1037 -5127   211     1
  221  -673    29   233  1043   979  1037 -5088   294     1
  222  -635    32   232  1041   979  1035 -3188   166     1
  223  -713    32   240  1031   981  1023 -2843   203     1
  224  -818    13   300  1023   996  1013 -2772   282     1
  225  -747   -53   339  1023  1008  1012  2844   918     1
  226  -666  -256   356  1022  1009  1013  7133  2108     1
  227  -575  -411   418  1021  1007  1012  6737  4988     1
  228  -582  -218   495  1021  1001  1012  5391  7098     1
  229  -614    18   521  1022   999  1012  3745  4117     1
  230  -689    31   508  1021  1000  1012  3305   652     1
  231  -680    31   508  1021  1000  1012  3831   460     1
  232  -656    32   489  1022   993  1012  3872   441     1
  233  -527    22   390  1022   981  1013  1409   383     1
  234  -599    27   355  1030   978  1021 -1736   585     1
  235 -1062    20   307  1033   977  1033 -2875   376     1
  236 -1239    26   279  1044   977  1038 -4899   522     1
  237 -1264    28   268  1048   978  1042 -5026   220     1
  238  -938    28   249  1052   978  1042 -5161   108     1
  239  -758    30   236  1047   978  1037 -5114    82     1
  240  -663    30   232  1045   979  1037 -4123    88     1
  241  -730    32   224  1053   979  1043 -3075   146     1
  242  -800    27   230  1046   982  1035 -3472   -71     1
  243  -824    -8   265  1035   992  1017 -2733   231     1
  244  -760  -392   306  1023  1008  1013  1296  1309     1
  245  -678  -368   308  1022  1013  1013  7267  7333     1
  246  -610  -169   320  1022  1004  1012  8204  6657     1
  247  -589    35   359  1022   992  1012  4815  3648     1
  248  -658    30   406  1021   990  1012  1116   382     1
  249  -695    31   470  1022   997  1012   489   417     1
  250  -595    25   460  1022   993  1012  2816   505     1
  251  -463    17   375  1024   981  1016  1252   523     1
  252  -407    22   321  1027   978  1022 -1579   690     1
  253  -845    18   279  1045   978  1039 -1595   515     1
  254 -1098    17   257  1060   978  1047 -4435   413     1
  255 -1197    18   256  1057   978  1042 -4974   374     1
  256 -1045    17   255  1054   979  1039 -5149   366     1
  257  -876    13   237  1046   979  1032 -5175   458     1
  258  -724     5   238  1037   979  1024 -4487   583     1
  259  -678    -9   233  1029   979  1017 -3438   858     1
  260  -780   -23   227  1023   981  1013 -3185  1192     1
  261  -792   -79   251  1022   985  1012 -3038  1413     1
  262  -729  -443   294  1022   990  1012 -1490  2442     1
  263  -701  -451   287  1021   996  1013   325  7958     1
  264  -674  -199   307  1021   998  1012  2556  7639     1
  265  -625    51   329  1021  1002  1012  3214  4049     1
  266  -585    37   347  1021   988  1012  4201   151     1
  267  -530    22   365  1021   981  1012   -97   467     1
  268  -548  -186   325  1025   980  1012 -1877   749     1
  269  -683  -211   269  1025   980  1017 -2029  4222     1
  270  -984  -184   201  1052   980  1040 -2916  4602     1
  271  -923   -90   195  1048   980  1036 -4537  6601     1
  272  -806    25   224  1044   980  1033 -4247  3492     1
  273  -629   -43   232  1040   981  1027 -3619   461     1
  274  -572   -74   234  1033   981  1018 -2433  2038     1
  275  -540   -55   242  1026   981  1013 -2078  2580     1
  276  -590   -12   229  1023   982  1012 -1919  1921     1
  277  -629    -9   217  1023   987  1014 -1889  1113     1
  278  -627     0   244  1022   983  1012  -534  1126     1
  279  -669    11   287  1022   983  1012 -1682   942     1
  280  -706    11   285  1022   984  1012 -1857   821     1
  281  -710     9   299  1022   992  1012 -1634   742     1
  282  -670    11   300  1025   997  1024  1174   810     1
  283  -647    12   302  1029   995  1024  2840   770     1
  284  -673     4   305  1031  1001  1024  2184   794     1
  285  -782  -144   344  1027   999  1022  4281  1013     1
  286  -876  -251   345  1029   995  1024  4091  3785     1
  287  -986  -382   343  1026   995  1022  2789  5987     1
  288 -1256  -734   338  1029   993  1021  3074  8064     1
  289 -1397  -923   321  1025   990  1020  2501 10194     1
